Firmware version:	0741705C3
File Creation Date:	14/07/2024 16:39:09
Battery Level:	 6.2
TideMaster S/N:	77065
Station ID:	01
Site info:	OSEANOGRAFI
Calibrated:	08/06/2021
Mode:	B52
Pressure units:	dBar
output format:	740
Pressure:
User Pressure cal:
Gain:	3486.8526
Offset:	-150.54563
Vale Pressure cal:
P0:	-3.078969e-9
P1:	0.003196
P2:	-1.746184
Wind speed units:	m\sec
Air Pressure units:	mBar
Air Temperature units:	DegC
Timestamp	Depth	Depth stdev	Wspeed	Wspeed stdev	Max Gust	Wdir	Wdir stdev	Air Pressure	Air Pressure stdev	Air Temperature	Air Temperature stdev	Dewpoint	Dewpoint stdev	Humidity	Humidity stdev	Batt	Status

14/07/2024 16:45:00	1.263	0.023	   0	   0	   0	  0	  0	  0	  0	  0	  0	  0	  0	  0	  0	6.3	0
14/07/2024 17:00:00	 1.27	0.033	   0	   0	   0	  0	  0	  0	  0	  0	  0	  0	  0	  0	  0	6.4	0
14/07/2024 17:15:00	1.284	0.019	   0	   0	   0	  0	  0	  0	  0	  0	  0	  0	  0	  0	  0	6.4	0
14/07/2024 17:30:00	  1.3	0.016	   0	   0	   0	  0	  0	  0	  0	  0	  0	  0	  0	  0	  0	6.4	0
14/07/2024 17:45:00	1.312	0.039	   0	   0	   0	  0	  0	  0	  0	  0	  0	  0	  0	  0	  0	6.4	0
14/07/2024 18:00:00	1.319	0.023	   0	   0	   0	  0	  0	  0	  0	  0	  0	  0	  0	  0	  0	6.4	0
14/07/2024 18:15:00	1.339	0.033	   0	   0	   0	  0	  0	  0	  0	  0	  0	  0	  0	  0	  0	6.4	0
14/07/2024 18:30:00	1.338	0.024	   0	   0	   0	  0	  0	  0	  0	  0	  0	  0	  0	  0	  0	6.4	0
14/07/2024 18:45:00	 1.35	0.017	   0	   0	   0	  0	  0	  0	  0	  0	  0	  0	  0	  0	  0	6.4	0
14/07/2024 19:00:00	 1.37	0.021	   0	   0	   0	  0	  0	  0	  0	  0	  0	  0	  0	  0	  0	6.4	0
14/07/2024 19:15:00	1.368	0.019	   0	   0	   0	  0	  0	  0	  0	  0	  0	  0	  0	  0	  0	6.4	0
14/07/2024 19:30:00	1.375	0.038	   0	   0	   0	  0	  0	  0	  0	  0	  0	  0	  0	  0	  0	6.3	0
14/07/2024 19:45:00	1.382	0.017	   0	   0	   0	  0	  0	  0	  0	  0	  0	  0	  0	  0	  0	6.3	0
14/07/2024 20:00:00	1.382	0.034	   0	   0	   0	  0	  0	  0	  0	  0	  0	  0	  0	  0	  0	6.3	0
14/07/2024 20:15:00	1.386	0.027	   0	   0	   0	  0	  0	  0	  0	  0	  0	  0	  0	  0	  0	6.4	0
14/07/2024 20:30:00	1.389	0.024	   0	   0	   0	  0	  0	  0	  0	  0	  0	  0	  0	  0	  0	6.4	0
14/07/2024 20:45:00	1.386	0.035	   0	   0	   0	  0	  0	  0	  0	  0	  0	  0	  0	  0	  0	6.4	0
14/07/2024 21:00:00	1.367	 0.02	   0	   0	   0	  0	  0	  0	  0	  0	  0	  0	  0	  0	  0	6.4	0
14/07/2024 21:15:00	1.363	0.048	   0	   0	   0	  0	  0	  0	  0	  0	  0	  0	  0	  0	  0	6.4	0
14/07/2024 21:30:00	1.343	0.035	   0	   0	   0	  0	  0	  0	  0	  0	  0	  0	  0	  0	  0	6.4	0
14/07/2024 21:45:00	1.338	0.027	   0	   0	   0	  0	  0	  0	  0	  0	  0	  0	  0	  0	  0	6.4	0
14/07/2024 22:00:00	1.317	0.031	   0	   0	   0	  0	  0	  0	  0	  0	  0	  0	  0	  0	  0	6.4	0
14/07/2024 22:15:00	1.301	0.029	   0	   0	   0	  0	  0	  0	  0	  0	  0	  0	  0	  0	  0	6.4	0
14/07/2024 22:30:00	1.285	0.034	   0	   0	   0	  0	  0	  0	  0	  0	  0	  0	  0	  0	  0	6.4	0
14/07/2024 22:45:00	1.265	0.014	   0	   0	   0	  0	  0	  0	  0	  0	  0	  0	  0	  0	  0	6.4	0
14/07/2024 23:00:00	1.251	0.026	   0	   0	   0	  0	  0	  0	  0	  0	  0	  0	  0	  0	  0	6.4	0
14/07/2024 23:15:00	1.218	0.034	   0	   0	   0	  0	  0	  0	  0	  0	  0	  0	  0	  0	  0	6.4	0
14/07/2024 23:30:00	 1.21	0.028	   0	   0	   0	  0	  0	  0	  0	  0	  0	  0	  0	  0	  0	6.4	0
14/07/2024 23:45:00	1.188	0.026	   0	   0	   0	  0	  0	  0	  0	  0	  0	  0	  0	  0	  0	6.4	0
15/07/2024 00:00:00	1.176	0.049	   0	   0	   0	  0	  0	  0	  0	  0	  0	  0	  0	  0	  0	6.4	0
15/07/2024 00:15:00	1.159	 0.03	   0	   0	   0	  0	  0	  0	  0	  0	  0	  0	  0	  0	  0	6.4	0
15/07/2024 00:30:00	1.148	0.028	   0	   0	   0	  0	  0	  0	  0	  0	  0	  0	  0	  0	  0	6.4	0
15/07/2024 00:45:00	1.141	0.039	   0	   0	   0	  0	  0	  0	  0	  0	  0	  0	  0	  0	  0	6.4	0
15/07/2024 01:00:00	1.127	0.022	   0	   0	   0	  0	  0	  0	  0	  0	  0	  0	  0	  0	  0	6.4	0
15/07/2024 01:15:00	1.111	0.028	   0	   0	   0	  0	  0	  0	  0	  0	  0	  0	  0	  0	  0	6.4	0
15/07/2024 01:30:00	1.096	0.039	   0	   0	   0	  0	  0	  0	  0	  0	  0	  0	  0	  0	  0	6.4	0
15/07/2024 01:45:00	1.083	0.028	   0	   0	   0	  0	  0	  0	  0	  0	  0	  0	  0	  0	  0	6.4	0
15/07/2024 02:00:00	1.061	0.034	   0	   0	   0	  0	  0	  0	  0	  0	  0	  0	  0	  0	  0	6.4	0
15/07/2024 02:15:00	1.041	0.025	   0	   0	   0	  0	  0	  0	  0	  0	  0	  0	  0	  0	  0	6.4	0
15/07/2024 02:30:00	1.027	0.027	   0	   0	   0	  0	  0	  0	  0	  0	  0	  0	  0	  0	  0	6.3	0
15/07/2024 02:45:00	1.015	0.021	   0	   0	   0	  0	  0	  0	  0	  0	  0	  0	  0	  0	  0	6.3	0
15/07/2024 03:00:00	1.008	0.029	   0	   0	   0	  0	  0	  0	  0	  0	  0	  0	  0	  0	  0	6.3	0
15/07/2024 03:15:00	0.988	0.028	   0	   0	   0	  0	  0	  0	  0	  0	  0	  0	  0	  0	  0	6.3	0
15/07/2024 03:30:00	0.978	0.022	   0	   0	   0	  0	  0	  0	  0	  0	  0	  0	  0	  0	  0	6.3	0
15/07/2024 03:45:00	0.973	0.011	   0	   0	   0	  0	  0	  0	  0	  0	  0	  0	  0	  0	  0	6.3	0
15/07/2024 04:00:00	0.965	0.024	   0	   0	   0	  0	  0	  0	  0	  0	  0	  0	  0	  0	  0	6.3	0
15/07/2024 04:15:00	0.959	0.032	   0	   0	   0	  0	  0	  0	  0	  0	  0	  0	  0	  0	  0	6.3	0
15/07/2024 04:30:00	0.959	0.035	   0	   0	   0	  0	  0	  0	  0	  0	  0	  0	  0	  0	  0	6.3	0
15/07/2024 04:45:00	0.948	0.018	   0	   0	   0	  0	  0	  0	  0	  0	  0	  0	  0	  0	  0	6.3	0
15/07/2024 05:00:00	0.933	0.015	   0	   0	   0	  0	  0	  0	  0	  0	  0	  0	  0	  0	  0	6.3	0
15/07/2024 05:15:00	0.932	0.022	   0	   0	   0	  0	  0	  0	  0	  0	  0	  0	  0	  0	  0	6.3	0
15/07/2024 05:30:00	0.929	 0.03	   0	   0	   0	  0	  0	  0	  0	  0	  0	  0	  0	  0	  0	6.3	0
15/07/2024 05:45:00	0.923	0.026	   0	   0	   0	  0	  0	  0	  0	  0	  0	  0	  0	  0	  0	5.5	0
15/07/2024 06:00:00	0.931	0.023	   0	   0	   0	  0	  0	  0	  0	  0	  0	  0	  0	  0	  0	6.3	0
15/07/2024 06:15:00	0.935	0.021	   0	   0	   0	  0	  0	  0	  0	  0	  0	  0	  0	  0	  0	6.3	0
15/07/2024 06:30:00	 0.94	0.024	   0	   0	   0	  0	  0	  0	  0	  0	  0	  0	  0	  0	  0	6.3	0
15/07/2024 06:45:00	0.939	0.015	   0	   0	   0	  0	  0	  0	  0	  0	  0	  0	  0	  0	  0	6.4	0
15/07/2024 07:00:00	 0.95	0.026	   0	   0	   0	  0	  0	  0	  0	  0	  0	  0	  0	  0	  0	6.4	0
15/07/2024 07:15:00	0.955	 0.02	   0	   0	   0	  0	  0	  0	  0	  0	  0	  0	  0	  0	  0	6.4	0
15/07/2024 07:30:00	0.974	 0.03	   0	   0	   0	  0	  0	  0	  0	  0	  0	  0	  0	  0	  0	6.4	0
15/07/2024 07:45:00	 0.97	0.013	   0	   0	   0	  0	  0	  0	  0	  0	  0	  0	  0	  0	  0	6.4	0
15/07/2024 08:00:00	0.977	0.017	   0	   0	   0	  0	  0	  0	  0	  0	  0	  0	  0	  0	  0	6.3	0
15/07/2024 08:15:00	0.987	0.038	   0	   0	   0	  0	  0	  0	  0	  0	  0	  0	  0	  0	  0	6.3	0
15/07/2024 08:30:00	0.999	 0.02	   0	   0	   0	  0	  0	  0	  0	  0	  0	  0	  0	  0	  0	6.3	0
15/07/2024 08:45:00	0.997	0.028	   0	   0	   0	  0	  0	  0	  0	  0	  0	  0	  0	  0	  0	6.4	0
15/07/2024 09:00:00	1.004	0.024	   0	   0	   0	  0	  0	  0	  0	  0	  0	  0	  0	  0	  0	6.4	0
15/07/2024 09:15:00	0.997	0.041	   0	   0	   0	  0	  0	  0	  0	  0	  0	  0	  0	  0	  0	6.4	0
15/07/2024 09:30:00	0.999	0.021	   0	   0	   0	  0	  0	  0	  0	  0	  0	  0	  0	  0	  0	6.3	0
15/07/2024 09:45:00	1.001	0.034	   0	   0	   0	  0	  0	  0	  0	  0	  0	  0	  0	  0	  0	6.3	0
15/07/2024 10:00:00	0.991	0.037	   0	   0	   0	  0	  0	  0	  0	  0	  0	  0	  0	  0	  0	6.3	0
15/07/2024 10:15:00	0.991	 0.02	   0	   0	   0	  0	  0	  0	  0	  0	  0	  0	  0	  0	  0	6.3	0
15/07/2024 10:30:00	0.981	0.039	   0	   0	   0	  0	  0	  0	  0	  0	  0	  0	  0	  0	  0	6.3	0
15/07/2024 10:45:00	 0.99	0.031	   0	   0	   0	  0	  0	  0	  0	  0	  0	  0	  0	  0	  0	6.3	0
15/07/2024 11:00:00	0.999	0.015	   0	   0	   0	  0	  0	  0	  0	  0	  0	  0	  0	  0	  0	6.3	0
15/07/2024 11:15:00	1.003	0.037	   0	   0	   0	  0	  0	  0	  0	  0	  0	  0	  0	  0	  0	6.3	0
15/07/2024 11:30:00	1.002	 0.03	   0	   0	   0	  0	  0	  0	  0	  0	  0	  0	  0	  0	  0	6.4	0
15/07/2024 11:45:00	1.004	0.022	   0	   0	   0	  0	  0	  0	  0	  0	  0	  0	  0	  0	  0	6.4	0
15/07/2024 12:00:00	1.021	0.029	   0	   0	   0	  0	  0	  0	  0	  0	  0	  0	  0	  0	  0	6.4	0
15/07/2024 12:15:00	1.025	0.019	   0	   0	   0	  0	  0	  0	  0	  0	  0	  0	  0	  0	  0	6.4	0
15/07/2024 12:30:00	1.022	0.029	   0	   0	   0	  0	  0	  0	  0	  0	  0	  0	  0	  0	  0	6.4	0
15/07/2024 12:45:00	1.032	0.023	   0	   0	   0	  0	  0	  0	  0	  0	  0	  0	  0	  0	  0	6.4	0
15/07/2024 13:00:00	1.046	0.029	   0	   0	   0	  0	  0	  0	  0	  0	  0	  0	  0	  0	  0	6.4	0
15/07/2024 13:15:00	1.059	0.031	   0	   0	   0	  0	  0	  0	  0	  0	  0	  0	  0	  0	  0	6.4	0
15/07/2024 13:30:00	1.079	 0.03	   0	   0	   0	  0	  0	  0	  0	  0	  0	  0	  0	  0	  0	6.4	0
15/07/2024 13:45:00	1.081	0.017	   0	   0	   0	  0	  0	  0	  0	  0	  0	  0	  0	  0	  0	6.3	0
15/07/2024 14:00:00	1.098	0.031	   0	   0	   0	  0	  0	  0	  0	  0	  0	  0	  0	  0	  0	6.2	0
15/07/2024 14:15:00	1.106	0.015	   0	   0	   0	  0	  0	  0	  0	  0	  0	  0	  0	  0	  0	6.3	0
15/07/2024 14:30:00	 1.13	 0.05	   0	   0	   0	  0	  0	  0	  0	  0	  0	  0	  0	  0	  0	6.3	0
15/07/2024 14:45:00	1.133	0.019	   0	   0	   0	  0	  0	  0	  0	  0	  0	  0	  0	  0	  0	6.3	0
15/07/2024 15:00:00	1.144	0.036	   0	   0	   0	  0	  0	  0	  0	  0	  0	  0	  0	  0	  0	6.3	0
15/07/2024 15:15:00	1.164	0.035	   0	   0	   0	  0	  0	  0	  0	  0	  0	  0	  0	  0	  0	6.3	0
15/07/2024 15:30:00	1.159	0.031	   0	   0	   0	  0	  0	  0	  0	  0	  0	  0	  0	  0	  0	6.3	0
15/07/2024 15:45:00	1.168	0.039	   0	   0	   0	  0	  0	  0	  0	  0	  0	  0	  0	  0	  0	6.3	0
15/07/2024 16:00:00	1.179	0.049	   0	   0	   0	  0	  0	  0	  0	  0	  0	  0	  0	  0	  0	6.3	0
15/07/2024 16:15:00	1.208	0.022	   0	   0	   0	  0	  0	  0	  0	  0	  0	  0	  0	  0	  0	6.3	0
15/07/2024 16:30:00	1.218	0.027	   0	   0	   0	  0	  0	  0	  0	  0	  0	  0	  0	  0	  0	6.3	0
15/07/2024 16:45:00	1.225	0.022	   0	   0	   0	  0	  0	  0	  0	  0	  0	  0	  0	  0	  0	6.3	0
15/07/2024 17:00:00	1.245	0.034	   0	   0	   0	  0	  0	  0	  0	  0	  0	  0	  0	  0	  0	6.3	0
15/07/2024 17:15:00	1.264	0.028	   0	   0	   0	  0	  0	  0	  0	  0	  0	  0	  0	  0	  0	6.3	0
15/07/2024 17:30:00	1.278	0.038	   0	   0	   0	  0	  0	  0	  0	  0	  0	  0	  0	  0	  0	6.3	0
15/07/2024 17:45:00	1.284	0.013	   0	   0	   0	  0	  0	  0	  0	  0	  0	  0	  0	  0	  0	6.3	0
15/07/2024 18:00:00	1.297	 0.03	   0	   0	   0	  0	  0	  0	  0	  0	  0	  0	  0	  0	  0	6.3	0
15/07/2024 18:15:00	1.303	0.027	   0	   0	   0	  0	  0	  0	  0	  0	  0	  0	  0	  0	  0	6.3	0
15/07/2024 18:30:00	1.321	0.022	   0	   0	   0	  0	  0	  0	  0	  0	  0	  0	  0	  0	  0	6.3	0
15/07/2024 18:45:00	1.345	0.018	   0	   0	   0	  0	  0	  0	  0	  0	  0	  0	  0	  0	  0	6.3	0
15/07/2024 19:00:00	1.345	0.016	   0	   0	   0	  0	  0	  0	  0	  0	  0	  0	  0	  0	  0	6.3	0
15/07/2024 19:15:00	1.358	0.027	   0	   0	   0	  0	  0	  0	  0	  0	  0	  0	  0	  0	  0	6.1	0
15/07/2024 19:30:00	1.371	0.026	   0	   0	   0	  0	  0	  0	  0	  0	  0	  0	  0	  0	  0	6.3	0
15/07/2024 19:45:00	1.387	0.022	   0	   0	   0	  0	  0	  0	  0	  0	  0	  0	  0	  0	  0	6.3	0
15/07/2024 20:00:00	1.387	0.021	   0	   0	   0	  0	  0	  0	  0	  0	  0	  0	  0	  0	  0	6.3	0
15/07/2024 20:15:00	1.401	0.021	   0	   0	   0	  0	  0	  0	  0	  0	  0	  0	  0	  0	  0	6.3	0
15/07/2024 20:30:00	1.379	0.022	   0	   0	   0	  0	  0	  0	  0	  0	  0	  0	  0	  0	  0	6.3	0
15/07/2024 20:45:00	1.374	 0.02	   0	   0	   0	  0	  0	  0	  0	  0	  0	  0	  0	  0	  0	6.3	0
15/07/2024 21:00:00	1.366	0.018	   0	   0	   0	  0	  0	  0	  0	  0	  0	  0	  0	  0	  0	6.3	0
15/07/2024 21:15:00	1.367	 0.03	   0	   0	   0	  0	  0	  0	  0	  0	  0	  0	  0	  0	  0	6.3	0
15/07/2024 21:30:00	1.348	 0.02	   0	   0	   0	  0	  0	  0	  0	  0	  0	  0	  0	  0	  0	6.3	0
15/07/2024 21:45:00	1.324	0.023	   0	   0	   0	  0	  0	  0	  0	  0	  0	  0	  0	  0	  0	6.3	0
15/07/2024 22:00:00	1.313	0.024	   0	   0	   0	  0	  0	  0	  0	  0	  0	  0	  0	  0	  0	6.3	0
15/07/2024 22:15:00	1.293	0.026	   0	   0	   0	  0	  0	  0	  0	  0	  0	  0	  0	  0	  0	6.3	0
15/07/2024 22:30:00	1.275	0.027	   0	   0	   0	  0	  0	  0	  0	  0	  0	  0	  0	  0	  0	6.3	0
15/07/2024 22:45:00	1.239	 0.02	   0	   0	   0	  0	  0	  0	  0	  0	  0	  0	  0	  0	  0	6.3	0
15/07/2024 23:00:00	1.208	0.025	   0	   0	   0	  0	  0	  0	  0	  0	  0	  0	  0	  0	  0	6.3	0
15/07/2024 23:15:00	1.175	0.033	   0	   0	   0	  0	  0	  0	  0	  0	  0	  0	  0	  0	  0	6.3	0
15/07/2024 23:30:00	1.148	0.028	   0	   0	   0	  0	  0	  0	  0	  0	  0	  0	  0	  0	  0	6.3	0
15/07/2024 23:45:00	1.118	0.012	   0	   0	   0	  0	  0	  0	  0	  0	  0	  0	  0	  0	  0	6.3	0
16/07/2024 00:00:00	1.093	0.029	   0	   0	   0	  0	  0	  0	  0	  0	  0	  0	  0	  0	  0	6.3	0
16/07/2024 00:15:00	1.067	0.023	   0	   0	   0	  0	  0	  0	  0	  0	  0	  0	  0	  0	  0	6.3	0
16/07/2024 00:30:00	1.045	0.027	   0	   0	   0	  0	  0	  0	  0	  0	  0	  0	  0	  0	  0	6.3	0
16/07/2024 00:45:00	 1.01	0.032	   0	   0	   0	  0	  0	  0	  0	  0	  0	  0	  0	  0	  0	6.3	0
16/07/2024 01:00:00	0.986	0.013	   0	   0	   0	  0	  0	  0	  0	  0	  0	  0	  0	  0	  0	6.3	0
16/07/2024 01:15:00	 0.96	0.035	   0	   0	   0	  0	  0	  0	  0	  0	  0	  0	  0	  0	  0	6.3	0
16/07/2024 01:30:00	0.919	0.024	   0	   0	   0	  0	  0	  0	  0	  0	  0	  0	  0	  0	  0	6.3	0
16/07/2024 01:45:00	0.894	0.035	   0	   0	   0	  0	  0	  0	  0	  0	  0	  0	  0	  0	  0	6.3	0
16/07/2024 02:00:00	0.879	0.023	   0	   0	   0	  0	  0	  0	  0	  0	  0	  0	  0	  0	  0	6.3	0
16/07/2024 02:15:00	0.852	0.017	   0	   0	   0	  0	  0	  0	  0	  0	  0	  0	  0	  0	  0	6.3	0
16/07/2024 02:30:00	0.831	0.015	   0	   0	   0	  0	  0	  0	  0	  0	  0	  0	  0	  0	  0	6.3	0
16/07/2024 02:45:00	0.796	0.021	   0	   0	   0	  0	  0	  0	  0	  0	  0	  0	  0	  0	  0	6.3	0
16/07/2024 03:00:00	0.774	0.032	   0	   0	   0	  0	  0	  0	  0	  0	  0	  0	  0	  0	  0	6.3	0
16/07/2024 03:15:00	0.758	0.021	   0	   0	   0	  0	  0	  0	  0	  0	  0	  0	  0	  0	  0	6.3	0
16/07/2024 03:30:00	0.751	 0.01	   0	   0	   0	  0	  0	  0	  0	  0	  0	  0	  0	  0	  0	6.3	0
16/07/2024 03:45:00	0.733	0.019	   0	   0	   0	  0	  0	  0	  0	  0	  0	  0	  0	  0	  0	6.3	0
16/07/2024 04:00:00	0.739	0.014	   0	   0	   0	  0	  0	  0	  0	  0	  0	  0	  0	  0	  0	6.3	0
16/07/2024 04:15:00	0.733	0.019	   0	   0	   0	  0	  0	  0	  0	  0	  0	  0	  0	  0	  0	6.3	0
16/07/2024 04:30:00	0.728	0.011	   0	   0	   0	  0	  0	  0	  0	  0	  0	  0	  0	  0	  0	6.3	0
16/07/2024 04:45:00	0.728	0.021	   0	   0	   0	  0	  0	  0	  0	  0	  0	  0	  0	  0	  0	6.3	0
16/07/2024 05:00:00	0.723	0.026	   0	   0	   0	  0	  0	  0	  0	  0	  0	  0	  0	  0	  0	6.3	0
16/07/2024 05:15:00	 0.72	0.011	   0	   0	   0	  0	  0	  0	  0	  0	  0	  0	  0	  0	  0	6.3	0
16/07/2024 05:30:00	0.713	0.017	   0	   0	   0	  0	  0	  0	  0	  0	  0	  0	  0	  0	  0	6.3	0
16/07/2024 05:45:00	 0.72	0.015	   0	   0	   0	  0	  0	  0	  0	  0	  0	  0	  0	  0	  0	6.3	0
16/07/2024 06:00:00	0.726	0.008	   0	   0	   0	  0	  0	  0	  0	  0	  0	  0	  0	  0	  0	6.3	0
16/07/2024 06:15:00	0.733	0.014	   0	   0	   0	  0	  0	  0	  0	  0	  0	  0	  0	  0	  0	6.3	0
16/07/2024 06:30:00	 0.74	0.011	   0	   0	   0	  0	  0	  0	  0	  0	  0	  0	  0	  0	  0	6.3	0
16/07/2024 06:45:00	0.758	0.017	   0	   0	   0	  0	  0	  0	  0	  0	  0	  0	  0	  0	  0	6.3	0
16/07/2024 07:00:00	0.768	0.026	   0	   0	   0	  0	  0	  0	  0	  0	  0	  0	  0	  0	  0	6.3	0
16/07/2024 07:15:00	0.787	0.011	   0	   0	   0	  0	  0	  0	  0	  0	  0	  0	  0	  0	  0	6.3	0
16/07/2024 07:30:00	0.807	0.013	   0	   0	   0	  0	  0	  0	  0	  0	  0	  0	  0	  0	  0	6.3	0
16/07/2024 07:45:00	0.825	0.013	   0	   0	   0	  0	  0	  0	  0	  0	  0	  0	  0	  0	  0	6.3	0
16/07/2024 08:00:00	0.843	0.017	   0	   0	   0	  0	  0	  0	  0	  0	  0	  0	  0	  0	  0	6.3	0
16/07/2024 08:15:00	0.855	0.022	   0	   0	   0	  0	  0	  0	  0	  0	  0	  0	  0	  0	  0	6.3	0
16/07/2024 08:30:00	0.867	 0.02	   0	   0	   0	  0	  0	  0	  0	  0	  0	  0	  0	  0	  0	6.3	0
16/07/2024 08:45:00	0.878	0.019	   0	   0	   0	  0	  0	  0	  0	  0	  0	  0	  0	  0	  0	6.3	0
16/07/2024 09:00:00	0.894	0.014	   0	   0	   0	  0	  0	  0	  0	  0	  0	  0	  0	  0	  0	6.3	0
16/07/2024 09:15:00	0.907	 0.01	   0	   0	   0	  0	  0	  0	  0	  0	  0	  0	  0	  0	  0	6.2	0
16/07/2024 09:30:00	0.922	0.013	   0	   0	   0	  0	  0	  0	  0	  0	  0	  0	  0	  0	  0	6.2	0
16/07/2024 09:45:00	0.938	0.014	   0	   0	   0	  0	  0	  0	  0	  0	  0	  0	  0	  0	  0	6.2	0
16/07/2024 10:00:00	0.945	0.017	   0	   0	   0	  0	  0	  0	  0	  0	  0	  0	  0	  0	  0	6.3	0
16/07/2024 10:15:00	0.959	0.028	   0	   0	   0	  0	  0	  0	  0	  0	  0	  0	  0	  0	  0	6.3	0
16/07/2024 10:30:00	0.968	0.019	   0	   0	   0	  0	  0	  0	  0	  0	  0	  0	  0	  0	  0	6.3	0
16/07/2024 10:45:00	0.982	0.017	   0	   0	   0	  0	  0	  0	  0	  0	  0	  0	  0	  0	  0	6.3	0
16/07/2024 11:00:00	 0.99	0.023	   0	   0	   0	  0	  0	  0	  0	  0	  0	  0	  0	  0	  0	6.2	0
16/07/2024 11:15:00	0.994	0.021	   0	   0	   0	  0	  0	  0	  0	  0	  0	  0	  0	  0	  0	6.2	0
16/07/2024 11:30:00	1.011	 0.02	   0	   0	   0	  0	  0	  0	  0	  0	  0	  0	  0	  0	  0	6.2	0
16/07/2024 11:45:00	1.011	 0.02	   0	   0	   0	  0	  0	  0	  0	  0	  0	  0	  0	  0	  0	6.3	0
16/07/2024 12:00:00	1.022	0.021	   0	   0	   0	  0	  0	  0	  0	  0	  0	  0	  0	  0	  0	6.3	0
16/07/2024 12:15:00	1.037	0.024	   0	   0	   0	  0	  0	  0	  0	  0	  0	  0	  0	  0	  0	6.3	0
16/07/2024 12:30:00	1.043	0.026	   0	   0	   0	  0	  0	  0	  0	  0	  0	  0	  0	  0	  0	6.3	0
16/07/2024 12:45:00	1.058	0.037	   0	   0	   0	  0	  0	  0	  0	  0	  0	  0	  0	  0	  0	6.3	0
16/07/2024 13:00:00	 1.07	 0.03	   0	   0	   0	  0	  0	  0	  0	  0	  0	  0	  0	  0	  0	6.3	0
16/07/2024 13:15:00	1.071	0.025	   0	   0	   0	  0	  0	  0	  0	  0	  0	  0	  0	  0	  0	  6	0
16/07/2024 13:30:00	1.079	0.058	   0	   0	   0	  0	  0	  0	  0	  0	  0	  0	  0	  0	  0	6.2	0
16/07/2024 13:45:00	1.094	0.038	   0	   0	   0	  0	  0	  0	  0	  0	  0	  0	  0	  0	  0	6.3	0
16/07/2024 14:00:00	1.115	0.023	   0	   0	   0	  0	  0	  0	  0	  0	  0	  0	  0	  0	  0	6.3	0
16/07/2024 14:15:00	1.133	0.037	   0	   0	   0	  0	  0	  0	  0	  0	  0	  0	  0	  0	  0	6.3	0
16/07/2024 14:30:00	1.143	0.028	   0	   0	   0	  0	  0	  0	  0	  0	  0	  0	  0	  0	  0	6.3	0
16/07/2024 14:45:00	1.161	0.022	   0	   0	   0	  0	  0	  0	  0	  0	  0	  0	  0	  0	  0	6.3	0
16/07/2024 15:00:00	1.189	0.038	   0	   0	   0	  0	  0	  0	  0	  0	  0	  0	  0	  0	  0	6.3	0
16/07/2024 15:15:00	1.198	0.012	   0	   0	   0	  0	  0	  0	  0	  0	  0	  0	  0	  0	  0	6.3	0
16/07/2024 15:30:00	1.211	0.021	   0	   0	   0	  0	  0	  0	  0	  0	  0	  0	  0	  0	  0	6.3	0
16/07/2024 15:45:00	1.232	0.016	   0	   0	   0	  0	  0	  0	  0	  0	  0	  0	  0	  0	  0	6.3	0
16/07/2024 16:00:00	1.255	 0.04	   0	   0	   0	  0	  0	  0	  0	  0	  0	  0	  0	  0	  0	6.3	0
16/07/2024 16:15:00	1.269	0.017	   0	   0	   0	  0	  0	  0	  0	  0	  0	  0	  0	  0	  0	6.3	0
16/07/2024 16:30:00	1.292	0.024	   0	   0	   0	  0	  0	  0	  0	  0	  0	  0	  0	  0	  0	6.2	0
16/07/2024 16:45:00	1.318	0.021	   0	   0	   0	  0	  0	  0	  0	  0	  0	  0	  0	  0	  0	6.2	0
16/07/2024 17:00:00	1.341	0.037	   0	   0	   0	  0	  0	  0	  0	  0	  0	  0	  0	  0	  0	6.2	0
16/07/2024 17:15:00	1.354	0.018	   0	   0	   0	  0	  0	  0	  0	  0	  0	  0	  0	  0	  0	6.2	0
16/07/2024 17:30:00	1.354	0.023	   0	   0	   0	  0	  0	  0	  0	  0	  0	  0	  0	  0	  0	6.2	0
16/07/2024 17:45:00	1.362	0.023	   0	   0	   0	  0	  0	  0	  0	  0	  0	  0	  0	  0	  0	6.2	0
16/07/2024 18:00:00	1.382	0.013	   0	   0	   0	  0	  0	  0	  0	  0	  0	  0	  0	  0	  0	6.3	0
16/07/2024 18:15:00	1.387	0.025	   0	   0	   0	  0	  0	  0	  0	  0	  0	  0	  0	  0	  0	6.3	0
16/07/2024 18:30:00	1.393	 0.01	   0	   0	   0	  0	  0	  0	  0	  0	  0	  0	  0	  0	  0	6.3	0
16/07/2024 18:45:00	1.387	0.013	   0	   0	   0	  0	  0	  0	  0	  0	  0	  0	  0	  0	  0	6.2	0
16/07/2024 19:00:00	  1.4	0.024	   0	   0	   0	  0	  0	  0	  0	  0	  0	  0	  0	  0	  0	6.3	0
16/07/2024 19:15:00	1.389	0.041	   0	   0	   0	  0	  0	  0	  0	  0	  0	  0	  0	  0	  0	6.3	0
16/07/2024 19:30:00	1.381	0.028	   0	   0	   0	  0	  0	  0	  0	  0	  0	  0	  0	  0	  0	6.3	0
16/07/2024 19:45:00	1.395	0.021	   0	   0	   0	  0	  0	  0	  0	  0	  0	  0	  0	  0	  0	6.3	0
16/07/2024 20:00:00	1.395	0.026	   0	   0	   0	  0	  0	  0	  0	  0	  0	  0	  0	  0	  0	6.1	0
16/07/2024 20:15:00	1.393	0.012	   0	   0	   0	  0	  0	  0	  0	  0	  0	  0	  0	  0	  0	6.2	0
16/07/2024 20:30:00	1.393	0.022	   0	   0	   0	  0	  0	  0	  0	  0	  0	  0	  0	  0	  0	6.3	0
16/07/2024 20:45:00	1.387	0.011	   0	   0	   0	  0	  0	  0	  0	  0	  0	  0	  0	  0	  0	6.3	0
16/07/2024 21:00:00	1.382	0.022	   0	   0	   0	  0	  0	  0	  0	  0	  0	  0	  0	  0	  0	6.2	0
16/07/2024 21:15:00	1.384	0.023	   0	   0	   0	  0	  0	  0	  0	  0	  0	  0	  0	  0	  0	6.2	0
16/07/2024 21:30:00	1.364	0.016	   0	   0	   0	  0	  0	  0	  0	  0	  0	  0	  0	  0	  0	6.2	0
16/07/2024 21:45:00	1.365	0.024	   0	   0	   0	  0	  0	  0	  0	  0	  0	  0	  0	  0	  0	6.3	0
16/07/2024 22:00:00	1.346	0.017	   0	   0	   0	  0	  0	  0	  0	  0	  0	  0	  0	  0	  0	6.2	0
16/07/2024 22:15:00	1.334	0.014	   0	   0	   0	  0	  0	  0	  0	  0	  0	  0	  0	  0	  0	6.2	0
16/07/2024 22:30:00	1.321	0.023	   0	   0	   0	  0	  0	  0	  0	  0	  0	  0	  0	  0	  0	6.2	0
16/07/2024 22:45:00	1.297	0.017	   0	   0	   0	  0	  0	  0	  0	  0	  0	  0	  0	  0	  0	6.3	0
16/07/2024 23:00:00	1.287	0.022	   0	   0	   0	  0	  0	  0	  0	  0	  0	  0	  0	  0	  0	6.2	0
16/07/2024 23:15:00	 1.26	0.021	   0	   0	   0	  0	  0	  0	  0	  0	  0	  0	  0	  0	  0	6.2	0
16/07/2024 23:30:00	1.244	0.015	   0	   0	   0	  0	  0	  0	  0	  0	  0	  0	  0	  0	  0	6.3	0
16/07/2024 23:45:00	1.218	0.013	   0	   0	   0	  0	  0	  0	  0	  0	  0	  0	  0	  0	  0	6.3	0
17/07/2024 00:00:00	1.192	0.027	   0	   0	   0	  0	  0	  0	  0	  0	  0	  0	  0	  0	  0	6.3	0
17/07/2024 00:15:00	1.163	0.018	   0	   0	   0	  0	  0	  0	  0	  0	  0	  0	  0	  0	  0	6.3	0
17/07/2024 00:30:00	1.133	0.017	   0	   0	   0	  0	  0	  0	  0	  0	  0	  0	  0	  0	  0	6.3	0
17/07/2024 00:45:00	1.108	0.012	   0	   0	   0	  0	  0	  0	  0	  0	  0	  0	  0	  0	  0	6.3	0
17/07/2024 01:00:00	1.077	0.028	   0	   0	   0	  0	  0	  0	  0	  0	  0	  0	  0	  0	  0	6.3	0
17/07/2024 01:15:00	1.035	 0.03	   0	   0	   0	  0	  0	  0	  0	  0	  0	  0	  0	  0	  0	6.3	0
17/07/2024 01:30:00	1.009	0.036	   0	   0	   0	  0	  0	  0	  0	  0	  0	  0	  0	  0	  0	6.3	0
17/07/2024 01:45:00	0.969	0.022	   0	   0	   0	  0	  0	  0	  0	  0	  0	  0	  0	  0	  0	6.3	0
17/07/2024 02:00:00	0.945	0.019	   0	   0	   0	  0	  0	  0	  0	  0	  0	  0	  0	  0	  0	6.3	0
17/07/2024 02:15:00	0.906	0.011	   0	   0	   0	  0	  0	  0	  0	  0	  0	  0	  0	  0	  0	6.3	0
17/07/2024 02:30:00	 0.88	0.028	   0	   0	   0	  0	  0	  0	  0	  0	  0	  0	  0	  0	  0	6.3	0
17/07/2024 02:45:00	0.864	 0.03	   0	   0	   0	  0	  0	  0	  0	  0	  0	  0	  0	  0	  0	6.3	0
17/07/2024 03:00:00	0.837	0.019	   0	   0	   0	  0	  0	  0	  0	  0	  0	  0	  0	  0	  0	6.3	0
17/07/2024 03:15:00	 0.81	0.019	   0	   0	   0	  0	  0	  0	  0	  0	  0	  0	  0	  0	  0	6.3	0
17/07/2024 03:30:00	0.792	0.018	   0	   0	   0	  0	  0	  0	  0	  0	  0	  0	  0	  0	  0	6.3	0
17/07/2024 03:45:00	0.774	0.017	   0	   0	   0	  0	  0	  0	  0	  0	  0	  0	  0	  0	  0	6.3	0
17/07/2024 04:00:00	0.752	0.015	   0	   0	   0	  0	  0	  0	  0	  0	  0	  0	  0	  0	  0	6.3	0
17/07/2024 04:15:00	0.737	0.011	   0	   0	   0	  0	  0	  0	  0	  0	  0	  0	  0	  0	  0	6.3	0
17/07/2024 04:30:00	0.719	 0.02	   0	   0	   0	  0	  0	  0	  0	  0	  0	  0	  0	  0	  0	6.3	0
17/07/2024 04:45:00	0.712	 0.02	   0	   0	   0	  0	  0	  0	  0	  0	  0	  0	  0	  0	  0	6.3	0
17/07/2024 05:00:00	0.702	0.014	   0	   0	   0	  0	  0	  0	  0	  0	  0	  0	  0	  0	  0	6.3	0
17/07/2024 05:15:00	0.707	0.015	   0	   0	   0	  0	  0	  0	  0	  0	  0	  0	  0	  0	  0	6.3	0
17/07/2024 05:30:00	0.699	0.012	   0	   0	   0	  0	  0	  0	  0	  0	  0	  0	  0	  0	  0	6.3	0
17/07/2024 05:45:00	0.705	0.014	   0	   0	   0	  0	  0	  0	  0	  0	  0	  0	  0	  0	  0	6.3	0
17/07/2024 06:00:00	0.709	 0.01	   0	   0	   0	  0	  0	  0	  0	  0	  0	  0	  0	  0	  0	6.3	0
17/07/2024 06:15:00	0.712	0.014	   0	   0	   0	  0	  0	  0	  0	  0	  0	  0	  0	  0	  0	6.3	0
17/07/2024 06:30:00	0.722	 0.02	   0	   0	   0	  0	  0	  0	  0	  0	  0	  0	  0	  0	  0	6.3	0
17/07/2024 06:45:00	0.738	0.008	   0	   0	   0	  0	  0	  0	  0	  0	  0	  0	  0	  0	  0	6.3	0
17/07/2024 07:00:00	0.753	0.019	   0	   0	   0	  0	  0	  0	  0	  0	  0	  0	  0	  0	  0	6.3	0
17/07/2024 07:15:00	0.771	0.019	   0	   0	   0	  0	  0	  0	  0	  0	  0	  0	  0	  0	  0	6.3	0
17/07/2024 07:30:00	0.783	0.016	   0	   0	   0	  0	  0	  0	  0	  0	  0	  0	  0	  0	  0	6.3	0
17/07/2024 07:45:00	0.812	0.013	   0	   0	   0	  0	  0	  0	  0	  0	  0	  0	  0	  0	  0	6.3	0
17/07/2024 08:00:00	0.828	 0.01	   0	   0	   0	  0	  0	  0	  0	  0	  0	  0	  0	  0	  0	6.3	0
17/07/2024 08:15:00	0.858	0.016	   0	   0	   0	  0	  0	  0	  0	  0	  0	  0	  0	  0	  0	6.3	0
17/07/2024 08:30:00	0.865	0.024	   0	   0	   0	  0	  0	  0	  0	  0	  0	  0	  0	  0	  0	6.3	0
17/07/2024 08:45:00	0.893	0.012	   0	   0	   0	  0	  0	  0	  0	  0	  0	  0	  0	  0	  0	6.3	0
17/07/2024 09:00:00	 0.92	0.019	   0	   0	   0	  0	  0	  0	  0	  0	  0	  0	  0	  0	  0	6.3	0
17/07/2024 09:15:00	0.947	0.024	   0	   0	   0	  0	  0	  0	  0	  0	  0	  0	  0	  0	  0	6.3	0
17/07/2024 09:30:00	0.969	0.016	   0	   0	   0	  0	  0	  0	  0	  0	  0	  0	  0	  0	  0	6.3	0
17/07/2024 09:45:00	0.984	0.023	   0	   0	   0	  0	  0	  0	  0	  0	  0	  0	  0	  0	  0	6.3	0
17/07/2024 10:00:00	1.006	0.024	   0	   0	   0	  0	  0	  0	  0	  0	  0	  0	  0	  0	  0	6.3	0
17/07/2024 10:15:00	1.014	0.018	   0	   0	   0	  0	  0	  0	  0	  0	  0	  0	  0	  0	  0	6.3	0
17/07/2024 10:30:00	1.029	0.021	   0	   0	   0	  0	  0	  0	  0	  0	  0	  0	  0	  0	  0	6.3	0
17/07/2024 10:45:00	1.046	0.045	   0	   0	   0	  0	  0	  0	  0	  0	  0	  0	  0	  0	  0	6.3	0
17/07/2024 11:00:00	1.059	0.025	   0	   0	   0	  0	  0	  0	  0	  0	  0	  0	  0	  0	  0	6.3	0
17/07/2024 11:15:00	 1.08	 0.04	   0	   0	   0	  0	  0	  0	  0	  0	  0	  0	  0	  0	  0	6.3	0
17/07/2024 11:30:00	1.082	0.037	   0	   0	   0	  0	  0	  0	  0	  0	  0	  0	  0	  0	  0	6.3	0
17/07/2024 11:45:00	1.088	0.029	   0	   0	   0	  0	  0	  0	  0	  0	  0	  0	  0	  0	  0	6.3	0
17/07/2024 12:00:00	1.098	0.031	   0	   0	   0	  0	  0	  0	  0	  0	  0	  0	  0	  0	  0	6.3	0
17/07/2024 12:15:00	1.096	 0.04	   0	   0	   0	  0	  0	  0	  0	  0	  0	  0	  0	  0	  0	6.3	0
17/07/2024 12:30:00	1.108	0.043	   0	   0	   0	  0	  0	  0	  0	  0	  0	  0	  0	  0	  0	6.3	0
17/07/2024 12:45:00	1.113	0.033	   0	   0	   0	  0	  0	  0	  0	  0	  0	  0	  0	  0	  0	6.3	0
17/07/2024 13:00:00	1.109	0.051	   0	   0	   0	  0	  0	  0	  0	  0	  0	  0	  0	  0	  0	6.3	0
17/07/2024 13:15:00	1.123	0.043	   0	   0	   0	  0	  0	  0	  0	  0	  0	  0	  0	  0	  0	6.3	0
17/07/2024 13:30:00	1.136	0.055	   0	   0	   0	  0	  0	  0	  0	  0	  0	  0	  0	  0	  0	6.3	0
17/07/2024 13:45:00	 1.14	0.026	   0	   0	   0	  0	  0	  0	  0	  0	  0	  0	  0	  0	  0	6.2	0
17/07/2024 14:00:00	1.155	0.023	   0	   0	   0	  0	  0	  0	  0	  0	  0	  0	  0	  0	  0	6.2	0
17/07/2024 14:15:00	1.153	0.049	   0	   0	   0	  0	  0	  0	  0	  0	  0	  0	  0	  0	  0	6.3	0
17/07/2024 14:30:00	1.166	0.033	   0	   0	   0	  0	  0	  0	  0	  0	  0	  0	  0	  0	  0	6.2	0
17/07/2024 14:45:00	1.178	 0.02	   0	   0	   0	  0	  0	  0	  0	  0	  0	  0	  0	  0	  0	6.2	0
17/07/2024 15:00:00	1.194	0.057	   0	   0	   0	  0	  0	  0	  0	  0	  0	  0	  0	  0	  0	6.2	0
17/07/2024 15:15:00	1.215	0.026	   0	   0	   0	  0	  0	  0	  0	  0	  0	  0	  0	  0	  0	6.3	0
17/07/2024 15:30:00	1.231	0.028	   0	   0	   0	  0	  0	  0	  0	  0	  0	  0	  0	  0	  0	6.3	0
17/07/2024 15:45:00	1.247	0.041	   0	   0	   0	  0	  0	  0	  0	  0	  0	  0	  0	  0	  0	6.3	0
17/07/2024 16:00:00	1.271	0.078	   0	   0	   0	  0	  0	  0	  0	  0	  0	  0	  0	  0	  0	6.3	0
17/07/2024 16:15:00	1.293	0.089	   0	   0	   0	  0	  0	  0	  0	  0	  0	  0	  0	  0	  0	6.3	0
17/07/2024 16:30:00	1.317	0.045	   0	   0	   0	  0	  0	  0	  0	  0	  0	  0	  0	  0	  0	6.2	0
17/07/2024 16:45:00	1.335	0.037	   0	   0	   0	  0	  0	  0	  0	  0	  0	  0	  0	  0	  0	6.2	0
17/07/2024 17:00:00	 1.36	0.025	   0	   0	   0	  0	  0	  0	  0	  0	  0	  0	  0	  0	  0	6.2	0
17/07/2024 17:15:00	1.386	0.038	   0	   0	   0	  0	  0	  0	  0	  0	  0	  0	  0	  0	  0	6.3	0
17/07/2024 17:30:00	1.387	0.055	   0	   0	   0	  0	  0	  0	  0	  0	  0	  0	  0	  0	  0	6.2	0
17/07/2024 17:45:00	1.412	 0.04	   0	   0	   0	  0	  0	  0	  0	  0	  0	  0	  0	  0	  0	6.2	0
17/07/2024 18:00:00	1.422	 0.06	   0	   0	   0	  0	  0	  0	  0	  0	  0	  0	  0	  0	  0	5.6	0
17/07/2024 18:15:00	13593642000000000000	    0	   0	   0	   0	  0	  0	  0	  0	  0	  0	  0	  0	  0	  0	6.3	0
17/07/2024 18:30:00	1.445	0.039	   0	   0	   0	  0	  0	  0	  0	  0	  0	  0	  0	  0	  0	6.3	0
17/07/2024 18:45:00	1.443	0.058	   0	   0	   0	  0	  0	  0	  0	  0	  0	  0	  0	  0	  0	6.3	0
17/07/2024 19:00:00	1.446	0.047	   0	   0	   0	  0	  0	  0	  0	  0	  0	  0	  0	  0	  0	6.2	0
17/07/2024 19:15:00	1.455	0.067	   0	   0	   0	  0	  0	  0	  0	  0	  0	  0	  0	  0	  0	6.3	0
17/07/2024 19:30:00	1.469	0.048	   0	   0	   0	  0	  0	  0	  0	  0	  0	  0	  0	  0	  0	6.3	0
17/07/2024 19:45:00	1.468	0.031	   0	   0	   0	  0	  0	  0	  0	  0	  0	  0	  0	  0	  0	6.2	0
17/07/2024 20:00:00	1.463	0.026	   0	   0	   0	  0	  0	  0	  0	  0	  0	  0	  0	  0	  0	6.2	0
17/07/2024 20:15:00	1.457	0.025	   0	   0	   0	  0	  0	  0	  0	  0	  0	  0	  0	  0	  0	6.3	0
17/07/2024 20:30:00	 1.46	0.039	   0	   0	   0	  0	  0	  0	  0	  0	  0	  0	  0	  0	  0	6.3	0
17/07/2024 20:45:00	1.473	0.055	   0	   0	   0	  0	  0	  0	  0	  0	  0	  0	  0	  0	  0	6.3	0
17/07/2024 21:00:00	1.456	0.041	   0	   0	   0	  0	  0	  0	  0	  0	  0	  0	  0	  0	  0	6.3	0
17/07/2024 21:15:00	1.452	0.053	   0	   0	   0	  0	  0	  0	  0	  0	  0	  0	  0	  0	  0	6.2	0
17/07/2024 21:30:00	1.445	0.033	   0	   0	   0	  0	  0	  0	  0	  0	  0	  0	  0	  0	  0	  6	0
17/07/2024 21:45:00	1.428	0.077	   0	   0	   0	  0	  0	  0	  0	  0	  0	  0	  0	  0	  0	6.1	0
17/07/2024 22:00:00	1.404	0.078	   0	   0	   0	  0	  0	  0	  0	  0	  0	  0	  0	  0	  0	6.3	0
17/07/2024 22:15:00	1.398	0.033	   0	   0	   0	  0	  0	  0	  0	  0	  0	  0	  0	  0	  0	6.3	0
17/07/2024 22:30:00	1.401	0.021	   0	   0	   0	  0	  0	  0	  0	  0	  0	  0	  0	  0	  0	6.2	0
17/07/2024 22:45:00	1.369	0.051	   0	   0	   0	  0	  0	  0	  0	  0	  0	  0	  0	  0	  0	6.3	0
17/07/2024 23:00:00	1.351	0.042	   0	   0	   0	  0	  0	  0	  0	  0	  0	  0	  0	  0	  0	6.3	0
17/07/2024 23:15:00	1.343	0.039	   0	   0	   0	  0	  0	  0	  0	  0	  0	  0	  0	  0	  0	6.2	0
17/07/2024 23:30:00	1.328	0.034	   0	   0	   0	  0	  0	  0	  0	  0	  0	  0	  0	  0	  0	6.2	0
17/07/2024 23:45:00	1.288	0.053	   0	   0	   0	  0	  0	  0	  0	  0	  0	  0	  0	  0	  0	6.2	0
18/07/2024 00:00:00	1.269	0.063	   0	   0	   0	  0	  0	  0	  0	  0	  0	  0	  0	  0	  0	6.1	0
18/07/2024 00:15:00	1.235	0.055	   0	   0	   0	  0	  0	  0	  0	  0	  0	  0	  0	  0	  0	6.2	0
18/07/2024 00:30:00	1.205	 0.03	   0	   0	   0	  0	  0	  0	  0	  0	  0	  0	  0	  0	  0	6.1	0
18/07/2024 00:45:00	1.165	0.047	   0	   0	   0	  0	  0	  0	  0	  0	  0	  0	  0	  0	  0	  6	0
18/07/2024 01:00:00	1.152	0.051	   0	   0	   0	  0	  0	  0	  0	  0	  0	  0	  0	  0	  0	6.2	0
18/07/2024 01:15:00	1.116	0.043	   0	   0	   0	  0	  0	  0	  0	  0	  0	  0	  0	  0	  0	6.3	0
18/07/2024 01:30:00	1.073	 0.04	   0	   0	   0	  0	  0	  0	  0	  0	  0	  0	  0	  0	  0	6.3	0
18/07/2024 01:45:00	1.042	0.049	   0	   0	   0	  0	  0	  0	  0	  0	  0	  0	  0	  0	  0	6.3	0
18/07/2024 02:00:00	1.006	0.069	   0	   0	   0	  0	  0	  0	  0	  0	  0	  0	  0	  0	  0	6.3	0
18/07/2024 02:15:00	0.989	0.043	   0	   0	   0	  0	  0	  0	  0	  0	  0	  0	  0	  0	  0	6.3	0
18/07/2024 02:30:00	0.943	0.024	   0	   0	   0	  0	  0	  0	  0	  0	  0	  0	  0	  0	  0	6.3	0
18/07/2024 02:45:00	0.922	0.028	   0	   0	   0	  0	  0	  0	  0	  0	  0	  0	  0	  0	  0	6.3	0
18/07/2024 03:00:00	0.895	0.055	   0	   0	   0	  0	  0	  0	  0	  0	  0	  0	  0	  0	  0	6.3	0
18/07/2024 03:15:00	0.858	0.044	   0	   0	   0	  0	  0	  0	  0	  0	  0	  0	  0	  0	  0	6.3	0
18/07/2024 03:30:00	0.836	0.051	   0	   0	   0	  0	  0	  0	  0	  0	  0	  0	  0	  0	  0	6.2	0
18/07/2024 03:45:00	0.795	0.017	   0	   0	   0	  0	  0	  0	  0	  0	  0	  0	  0	  0	  0	6.3	0
18/07/2024 04:00:00	0.772	0.026	   0	   0	   0	  0	  0	  0	  0	  0	  0	  0	  0	  0	  0	6.3	0
18/07/2024 04:15:00	0.766	0.026	   0	   0	   0	  0	  0	  0	  0	  0	  0	  0	  0	  0	  0	6.2	0
18/07/2024 04:30:00	 0.75	0.023	   0	   0	   0	  0	  0	  0	  0	  0	  0	  0	  0	  0	  0	6.3	0
18/07/2024 04:45:00	0.729	0.025	   0	   0	   0	  0	  0	  0	  0	  0	  0	  0	  0	  0	  0	6.2	0
18/07/2024 05:00:00	0.725	 0.03	   0	   0	   0	  0	  0	  0	  0	  0	  0	  0	  0	  0	  0	6.3	0
18/07/2024 05:15:00	0.714	0.021	   0	   0	   0	  0	  0	  0	  0	  0	  0	  0	  0	  0	  0	6.3	0
18/07/2024 05:30:00	0.707	0.022	   0	   0	   0	  0	  0	  0	  0	  0	  0	  0	  0	  0	  0	6.2	0
18/07/2024 05:45:00	0.706	0.013	   0	   0	   0	  0	  0	  0	  0	  0	  0	  0	  0	  0	  0	6.2	0
18/07/2024 06:00:00	0.706	0.018	   0	   0	   0	  0	  0	  0	  0	  0	  0	  0	  0	  0	  0	6.2	0
18/07/2024 06:15:00	0.705	0.018	   0	   0	   0	  0	  0	  0	  0	  0	  0	  0	  0	  0	  0	6.2	0
18/07/2024 06:30:00	0.722	 0.02	   0	   0	   0	  0	  0	  0	  0	  0	  0	  0	  0	  0	  0	5.6	0
18/07/2024 06:45:00	0.725	0.027	   0	   0	   0	  0	  0	  0	  0	  0	  0	  0	  0	  0	  0	6.3	0
18/07/2024 07:00:00	0.728	0.023	   0	   0	   0	  0	  0	  0	  0	  0	  0	  0	  0	  0	  0	6.2	0
18/07/2024 07:15:00	0.739	0.023	   0	   0	   0	  0	  0	  0	  0	  0	  0	  0	  0	  0	  0	6.2	0
18/07/2024 07:30:00	 0.75	0.028	   0	   0	   0	  0	  0	  0	  0	  0	  0	  0	  0	  0	  0	6.2	0
18/07/2024 07:45:00	0.775	0.026	   0	   0	   0	  0	  0	  0	  0	  0	  0	  0	  0	  0	  0	6.2	0
18/07/2024 08:00:00	0.785	0.037	   0	   0	   0	  0	  0	  0	  0	  0	  0	  0	  0	  0	  0	6.2	0
18/07/2024 08:15:00	0.799	0.042	   0	   0	   0	  0	  0	  0	  0	  0	  0	  0	  0	  0	  0	6.2	0
18/07/2024 08:30:00	0.814	0.029	   0	   0	   0	  0	  0	  0	  0	  0	  0	  0	  0	  0	  0	6.2	0
18/07/2024 08:45:00	0.846	0.026	   0	   0	   0	  0	  0	  0	  0	  0	  0	  0	  0	  0	  0	6.3	0
18/07/2024 09:00:00	0.873	0.019	   0	   0	   0	  0	  0	  0	  0	  0	  0	  0	  0	  0	  0	6.2	0
18/07/2024 09:15:00	0.892	0.021	   0	   0	   0	  0	  0	  0	  0	  0	  0	  0	  0	  0	  0	6.2	0
18/07/2024 09:30:00	0.912	0.016	   0	   0	   0	  0	  0	  0	  0	  0	  0	  0	  0	  0	  0	6.2	0
18/07/2024 09:45:00	0.951	0.027	   0	   0	   0	  0	  0	  0	  0	  0	  0	  0	  0	  0	  0	6.1	0
18/07/2024 10:00:00	0.966	0.024	   0	   0	   0	  0	  0	  0	  0	  0	  0	  0	  0	  0	  0	5.5	0
18/07/2024 10:15:00	 0.97	0.033	   0	   0	   0	  0	  0	  0	  0	  0	  0	  0	  0	  0	  0	6.1	0
18/07/2024 10:30:00	1.004	0.038	   0	   0	   0	  0	  0	  0	  0	  0	  0	  0	  0	  0	  0	6.1	0
18/07/2024 10:45:00	1.034	0.037	   0	   0	   0	  0	  0	  0	  0	  0	  0	  0	  0	  0	  0	6.2	0
18/07/2024 11:00:00	1.025	 0.04	   0	   0	   0	  0	  0	  0	  0	  0	  0	  0	  0	  0	  0	6.2	0
18/07/2024 11:15:00	 1.05	0.034	   0	   0	   0	  0	  0	  0	  0	  0	  0	  0	  0	  0	  0	6.1	0
18/07/2024 11:30:00	1.041	 0.05	   0	   0	   0	  0	  0	  0	  0	  0	  0	  0	  0	  0	  0	6.3	0
18/07/2024 11:45:00	1.043	0.058	   0	   0	   0	  0	  0	  0	  0	  0	  0	  0	  0	  0	  0	6.3	0
18/07/2024 12:00:00	1.061	0.034	   0	   0	   0	  0	  0	  0	  0	  0	  0	  0	  0	  0	  0	6.3	0
18/07/2024 12:15:00	1.073	0.028	   0	   0	   0	  0	  0	  0	  0	  0	  0	  0	  0	  0	  0	6.3	0
18/07/2024 12:30:00	 1.07	0.044	   0	   0	   0	  0	  0	  0	  0	  0	  0	  0	  0	  0	  0	6.3	0
18/07/2024 12:45:00	1.079	0.046	   0	   0	   0	  0	  0	  0	  0	  0	  0	  0	  0	  0	  0	6.3	0
18/07/2024 13:00:00	  1.1	0.093	   0	   0	   0	  0	  0	  0	  0	  0	  0	  0	  0	  0	  0	6.3	0
18/07/2024 13:15:00	1.114	0.054	   0	   0	   0	  0	  0	  0	  0	  0	  0	  0	  0	  0	  0	6.3	0
18/07/2024 13:30:00	1.118	0.051	   0	   0	   0	  0	  0	  0	  0	  0	  0	  0	  0	  0	  0	6.3	0
18/07/2024 13:45:00	 1.13	0.025	   0	   0	   0	  0	  0	  0	  0	  0	  0	  0	  0	  0	  0	6.3	0
18/07/2024 14:00:00	 1.14	0.072	   0	   0	   0	  0	  0	  0	  0	  0	  0	  0	  0	  0	  0	6.3	0
18/07/2024 14:15:00	1.145	 0.07	   0	   0	   0	  0	  0	  0	  0	  0	  0	  0	  0	  0	  0	6.3	0
18/07/2024 14:30:00	1.142	 0.04	   0	   0	   0	  0	  0	  0	  0	  0	  0	  0	  0	  0	  0	6.2	0
18/07/2024 14:45:00	1.153	0.076	   0	   0	   0	  0	  0	  0	  0	  0	  0	  0	  0	  0	  0	6.3	0
18/07/2024 15:00:00	1.171	0.065	   0	   0	   0	  0	  0	  0	  0	  0	  0	  0	  0	  0	  0	6.3	0
18/07/2024 15:15:00	1.186	 0.05	   0	   0	   0	  0	  0	  0	  0	  0	  0	  0	  0	  0	  0	6.3	0
18/07/2024 15:30:00	1.202	0.083	   0	   0	   0	  0	  0	  0	  0	  0	  0	  0	  0	  0	  0	6.3	0
18/07/2024 15:45:00	1.208	0.052	   0	   0	   0	  0	  0	  0	  0	  0	  0	  0	  0	  0	  0	6.3	0
18/07/2024 16:00:00	1.225	0.051	   0	   0	   0	  0	  0	  0	  0	  0	  0	  0	  0	  0	  0	6.3	0
18/07/2024 16:15:00	1.232	0.039	   0	   0	   0	  0	  0	  0	  0	  0	  0	  0	  0	  0	  0	6.3	0
18/07/2024 16:30:00	1.269	0.066	   0	   0	   0	  0	  0	  0	  0	  0	  0	  0	  0	  0	  0	6.2	0
18/07/2024 16:45:00	1.263	0.064	   0	   0	   0	  0	  0	  0	  0	  0	  0	  0	  0	  0	  0	6.2	0
18/07/2024 17:00:00	  1.3	0.048	   0	   0	   0	  0	  0	  0	  0	  0	  0	  0	  0	  0	  0	6.2	0
18/07/2024 17:15:00	1.314	0.056	   0	   0	   0	  0	  0	  0	  0	  0	  0	  0	  0	  0	  0	6.2	0
18/07/2024 17:30:00	1.337	0.038	   0	   0	   0	  0	  0	  0	  0	  0	  0	  0	  0	  0	  0	6.2	0
18/07/2024 17:45:00	1.353	0.041	   0	   0	   0	  0	  0	  0	  0	  0	  0	  0	  0	  0	  0	6.2	0
18/07/2024 18:00:00	1.375	0.068	   0	   0	   0	  0	  0	  0	  0	  0	  0	  0	  0	  0	  0	6.2	0
18/07/2024 18:15:00	1.386	0.057	   0	   0	   0	  0	  0	  0	  0	  0	  0	  0	  0	  0	  0	6.3	0
18/07/2024 18:30:00	1.396	0.048	   0	   0	   0	  0	  0	  0	  0	  0	  0	  0	  0	  0	  0	6.3	0
18/07/2024 18:45:00	1.409	0.049	   0	   0	   0	  0	  0	  0	  0	  0	  0	  0	  0	  0	  0	6.3	0
18/07/2024 19:00:00	1.413	0.078	   0	   0	   0	  0	  0	  0	  0	  0	  0	  0	  0	  0	  0	6.3	0
18/07/2024 19:15:00	1.427	 0.03	   0	   0	   0	  0	  0	  0	  0	  0	  0	  0	  0	  0	  0	6.3	0
18/07/2024 19:30:00	1.423	0.058	   0	   0	   0	  0	  0	  0	  0	  0	  0	  0	  0	  0	  0	6.3	0
18/07/2024 19:45:00	1.435	0.047	   0	   0	   0	  0	  0	  0	  0	  0	  0	  0	  0	  0	  0	6.3	0
18/07/2024 20:00:00	1.418	0.038	   0	   0	   0	  0	  0	  0	  0	  0	  0	  0	  0	  0	  0	6.3	0
18/07/2024 20:15:00	1.417	0.049	   0	   0	   0	  0	  0	  0	  0	  0	  0	  0	  0	  0	  0	6.2	0
18/07/2024 20:30:00	1.407	0.065	   0	   0	   0	  0	  0	  0	  0	  0	  0	  0	  0	  0	  0	6.2	0
18/07/2024 20:45:00	1.403	0.039	   0	   0	   0	  0	  0	  0	  0	  0	  0	  0	  0	  0	  0	6.2	0
18/07/2024 21:00:00	1.373	0.068	   0	   0	   0	  0	  0	  0	  0	  0	  0	  0	  0	  0	  0	6.2	0
18/07/2024 21:15:00	1.373	0.045	   0	   0	   0	  0	  0	  0	  0	  0	  0	  0	  0	  0	  0	6.2	0
18/07/2024 21:30:00	 1.36	0.047	   0	   0	   0	  0	  0	  0	  0	  0	  0	  0	  0	  0	  0	6.2	0
18/07/2024 21:45:00	1.345	0.043	   0	   0	   0	  0	  0	  0	  0	  0	  0	  0	  0	  0	  0	6.2	0
18/07/2024 22:00:00	1.326	0.052	   0	   0	   0	  0	  0	  0	  0	  0	  0	  0	  0	  0	  0	6.2	0
18/07/2024 22:15:00	1.308	0.051	   0	   0	   0	  0	  0	  0	  0	  0	  0	  0	  0	  0	  0	6.2	0
18/07/2024 22:30:00	1.314	 0.05	   0	   0	   0	  0	  0	  0	  0	  0	  0	  0	  0	  0	  0	6.2	0
18/07/2024 22:45:00	  1.3	 0.08	   0	   0	   0	  0	  0	  0	  0	  0	  0	  0	  0	  0	  0	6.2	0
18/07/2024 23:00:00	1.265	0.045	   0	   0	   0	  0	  0	  0	  0	  0	  0	  0	  0	  0	  0	6.2	0
18/07/2024 23:15:00	1.248	0.041	   0	   0	   0	  0	  0	  0	  0	  0	  0	  0	  0	  0	  0	6.2	0
18/07/2024 23:30:00	1.245	0.064	   0	   0	   0	  0	  0	  0	  0	  0	  0	  0	  0	  0	  0	6.2	0
18/07/2024 23:45:00	1.219	 0.06	   0	   0	   0	  0	  0	  0	  0	  0	  0	  0	  0	  0	  0	6.2	0
19/07/2024 00:00:00	 1.18	0.047	   0	   0	   0	  0	  0	  0	  0	  0	  0	  0	  0	  0	  0	6.2	0
19/07/2024 00:15:00	1.161	0.046	   0	   0	   0	  0	  0	  0	  0	  0	  0	  0	  0	  0	  0	6.2	0
19/07/2024 00:30:00	1.146	0.053	   0	   0	   0	  0	  0	  0	  0	  0	  0	  0	  0	  0	  0	6.2	0
19/07/2024 00:45:00	1.134	0.085	   0	   0	   0	  0	  0	  0	  0	  0	  0	  0	  0	  0	  0	6.2	0
19/07/2024 01:00:00	1.086	0.027	   0	   0	   0	  0	  0	  0	  0	  0	  0	  0	  0	  0	  0	6.2	0
19/07/2024 01:15:00	1.054	0.095	   0	   0	   0	  0	  0	  0	  0	  0	  0	  0	  0	  0	  0	6.2	0
19/07/2024 01:30:00	1.035	0.054	   0	   0	   0	  0	  0	  0	  0	  0	  0	  0	  0	  0	  0	6.2	0
19/07/2024 01:45:00	1.011	0.042	   0	   0	   0	  0	  0	  0	  0	  0	  0	  0	  0	  0	  0	6.2	0
19/07/2024 02:00:00	0.969	0.047	   0	   0	   0	  0	  0	  0	  0	  0	  0	  0	  0	  0	  0	6.2	0
19/07/2024 02:15:00	0.954	 0.06	   0	   0	   0	  0	  0	  0	  0	  0	  0	  0	  0	  0	  0	6.2	0
19/07/2024 02:30:00	 0.92	0.032	   0	   0	   0	  0	  0	  0	  0	  0	  0	  0	  0	  0	  0	6.2	0
19/07/2024 02:45:00	0.891	0.038	   0	   0	   0	  0	  0	  0	  0	  0	  0	  0	  0	  0	  0	6.2	0
19/07/2024 03:00:00	0.843	0.048	   0	   0	   0	  0	  0	  0	  0	  0	  0	  0	  0	  0	  0	6.2	0
19/07/2024 03:15:00	0.829	0.065	   0	   0	   0	  0	  0	  0	  0	  0	  0	  0	  0	  0	  0	6.2	0
19/07/2024 03:30:00	0.792	0.047	   0	   0	   0	  0	  0	  0	  0	  0	  0	  0	  0	  0	  0	6.2	0
19/07/2024 03:45:00	0.767	0.035	   0	   0	   0	  0	  0	  0	  0	  0	  0	  0	  0	  0	  0	6.2	0
19/07/2024 04:00:00	0.738	0.065	   0	   0	   0	  0	  0	  0	  0	  0	  0	  0	  0	  0	  0	6.2	0
19/07/2024 04:15:00	 0.72	0.025	   0	   0	   0	  0	  0	  0	  0	  0	  0	  0	  0	  0	  0	6.2	0
19/07/2024 04:30:00	0.681	0.034	   0	   0	   0	  0	  0	  0	  0	  0	  0	  0	  0	  0	  0	6.2	0
19/07/2024 04:45:00	 0.65	 0.06	   0	   0	   0	  0	  0	  0	  0	  0	  0	  0	  0	  0	  0	6.2	0
19/07/2024 05:00:00	0.632	0.056	   0	   0	   0	  0	  0	  0	  0	  0	  0	  0	  0	  0	  0	6.2	0
19/07/2024 05:15:00	0.616	0.033	   0	   0	   0	  0	  0	  0	  0	  0	  0	  0	  0	  0	  0	6.2	0
19/07/2024 05:30:00	0.605	0.029	   0	   0	   0	  0	  0	  0	  0	  0	  0	  0	  0	  0	  0	6.2	0
19/07/2024 05:45:00	0.597	0.032	   0	   0	   0	  0	  0	  0	  0	  0	  0	  0	  0	  0	  0	6.2	0
19/07/2024 06:00:00	0.584	0.041	   0	   0	   0	  0	  0	  0	  0	  0	  0	  0	  0	  0	  0	6.2	0
19/07/2024 06:15:00	0.579	0.043	   0	   0	   0	  0	  0	  0	  0	  0	  0	  0	  0	  0	  0	6.2	0
19/07/2024 06:30:00	0.564	0.054	   0	   0	   0	  0	  0	  0	  0	  0	  0	  0	  0	  0	  0	6.2	0
19/07/2024 06:45:00	0.563	0.029	   0	   0	   0	  0	  0	  0	  0	  0	  0	  0	  0	  0	  0	6.2	0
19/07/2024 07:00:00	0.557	0.041	   0	   0	   0	  0	  0	  0	  0	  0	  0	  0	  0	  0	  0	6.2	0
19/07/2024 07:15:00	0.564	0.032	   0	   0	   0	  0	  0	  0	  0	  0	  0	  0	  0	  0	  0	6.2	0
19/07/2024 07:30:00	0.572	0.021	   0	   0	   0	  0	  0	  0	  0	  0	  0	  0	  0	  0	  0	6.2	0
19/07/2024 07:45:00	0.572	0.039	   0	   0	   0	  0	  0	  0	  0	  0	  0	  0	  0	  0	  0	6.2	0
19/07/2024 08:00:00	0.589	0.033	   0	   0	   0	  0	  0	  0	  0	  0	  0	  0	  0	  0	  0	6.2	0
19/07/2024 08:15:00	0.594	 0.02	   0	   0	   0	  0	  0	  0	  0	  0	  0	  0	  0	  0	  0	6.2	0
19/07/2024 08:30:00	0.607	0.027	   0	   0	   0	  0	  0	  0	  0	  0	  0	  0	  0	  0	  0	6.2	0
19/07/2024 08:45:00	0.624	0.055	   0	   0	   0	  0	  0	  0	  0	  0	  0	  0	  0	  0	  0	6.2	0
19/07/2024 09:00:00	0.653	0.031	   0	   0	   0	  0	  0	  0	  0	  0	  0	  0	  0	  0	  0	6.2	0
19/07/2024 09:15:00	 0.68	0.038	   0	   0	   0	  0	  0	  0	  0	  0	  0	  0	  0	  0	  0	6.2	0
19/07/2024 09:30:00	0.695	0.019	   0	   0	   0	  0	  0	  0	  0	  0	  0	  0	  0	  0	  0	6.2	0
19/07/2024 09:45:00	0.726	0.035	   0	   0	   0	  0	  0	  0	  0	  0	  0	  0	  0	  0	  0	6.2	0
19/07/2024 10:00:00	0.737	 0.03	   0	   0	   0	  0	  0	  0	  0	  0	  0	  0	  0	  0	  0	6.2	0
19/07/2024 10:15:00	0.778	0.034	   0	   0	   0	  0	  0	  0	  0	  0	  0	  0	  0	  0	  0	6.2	0
19/07/2024 10:30:00	 0.79	0.015	   0	   0	   0	  0	  0	  0	  0	  0	  0	  0	  0	  0	  0	6.2	0
19/07/2024 10:45:00	0.816	0.014	   0	   0	   0	  0	  0	  0	  0	  0	  0	  0	  0	  0	  0	6.2	0
19/07/2024 11:00:00	 0.85	0.019	   0	   0	   0	  0	  0	  0	  0	  0	  0	  0	  0	  0	  0	6.2	0
19/07/2024 11:15:00	0.879	0.023	   0	   0	   0	  0	  0	  0	  0	  0	  0	  0	  0	  0	  0	6.2	0
19/07/2024 11:30:00	0.901	0.022	   0	   0	   0	  0	  0	  0	  0	  0	  0	  0	  0	  0	  0	6.2	0
19/07/2024 11:45:00	 0.92	0.011	   0	   0	   0	  0	  0	  0	  0	  0	  0	  0	  0	  0	  0	6.2	0
19/07/2024 12:00:00	0.926	0.019	   0	   0	   0	  0	  0	  0	  0	  0	  0	  0	  0	  0	  0	6.2	0
19/07/2024 12:15:00	0.941	0.028	   0	   0	   0	  0	  0	  0	  0	  0	  0	  0	  0	  0	  0	6.2	0
19/07/2024 12:30:00	 0.95	0.038	   0	   0	   0	  0	  0	  0	  0	  0	  0	  0	  0	  0	  0	6.2	0
19/07/2024 12:45:00	0.971	0.032	   0	   0	   0	  0	  0	  0	  0	  0	  0	  0	  0	  0	  0	6.2	0
19/07/2024 13:00:00	0.979	0.024	   0	   0	   0	  0	  0	  0	  0	  0	  0	  0	  0	  0	  0	6.2	0
19/07/2024 13:15:00	1.006	0.032	   0	   0	   0	  0	  0	  0	  0	  0	  0	  0	  0	  0	  0	6.2	0
19/07/2024 13:30:00	1.005	0.041	   0	   0	   0	  0	  0	  0	  0	  0	  0	  0	  0	  0	  0	6.2	0
19/07/2024 13:45:00	1.007	0.035	   0	   0	   0	  0	  0	  0	  0	  0	  0	  0	  0	  0	  0	6.2	0
19/07/2024 14:00:00	1.022	0.032	   0	   0	   0	  0	  0	  0	  0	  0	  0	  0	  0	  0	  0	6.2	0
19/07/2024 14:15:00	1.035	0.056	   0	   0	   0	  0	  0	  0	  0	  0	  0	  0	  0	  0	  0	6.2	0
19/07/2024 14:30:00	1.049	 0.07	   0	   0	   0	  0	  0	  0	  0	  0	  0	  0	  0	  0	  0	6.2	0
19/07/2024 14:45:00	1.055	0.044	   0	   0	   0	  0	  0	  0	  0	  0	  0	  0	  0	  0	  0	6.2	0
19/07/2024 15:00:00	1.079	0.052	   0	   0	   0	  0	  0	  0	  0	  0	  0	  0	  0	  0	  0	6.2	0
19/07/2024 15:15:00	1.085	0.078	   0	   0	   0	  0	  0	  0	  0	  0	  0	  0	  0	  0	  0	6.2	0
19/07/2024 15:30:00	1.116	0.051	   0	   0	   0	  0	  0	  0	  0	  0	  0	  0	  0	  0	  0	6.2	0
19/07/2024 15:45:00	 1.14	0.088	   0	   0	   0	  0	  0	  0	  0	  0	  0	  0	  0	  0	  0	6.2	0
19/07/2024 16:00:00	1.164	0.045	   0	   0	   0	  0	  0	  0	  0	  0	  0	  0	  0	  0	  0	6.2	0
19/07/2024 16:15:00	1.188	0.067	   0	   0	   0	  0	  0	  0	  0	  0	  0	  0	  0	  0	  0	6.2	0
19/07/2024 16:30:00	1.212	0.034	   0	   0	   0	  0	  0	  0	  0	  0	  0	  0	  0	  0	  0	6.2	0
19/07/2024 16:45:00	1.238	0.043	   0	   0	   0	  0	  0	  0	  0	  0	  0	  0	  0	  0	  0	6.2	0
19/07/2024 17:00:00	1.273	0.041	   0	   0	   0	  0	  0	  0	  0	  0	  0	  0	  0	  0	  0	6.2	0
19/07/2024 17:15:00	1.308	0.072	   0	   0	   0	  0	  0	  0	  0	  0	  0	  0	  0	  0	  0	6.2	0
19/07/2024 17:30:00	1.333	0.064	   0	   0	   0	  0	  0	  0	  0	  0	  0	  0	  0	  0	  0	6.2	0
19/07/2024 17:45:00	1.348	0.087	   0	   0	   0	  0	  0	  0	  0	  0	  0	  0	  0	  0	  0	6.2	0
19/07/2024 18:00:00	1.395	 0.06	   0	   0	   0	  0	  0	  0	  0	  0	  0	  0	  0	  0	  0	6.2	0
19/07/2024 18:15:00	1.433	0.048	   0	   0	   0	  0	  0	  0	  0	  0	  0	  0	  0	  0	  0	6.2	0
19/07/2024 18:30:00	 1.44	 0.03	   0	   0	   0	  0	  0	  0	  0	  0	  0	  0	  0	  0	  0	6.2	0
19/07/2024 18:45:00	 1.46	0.064	   0	   0	   0	  0	  0	  0	  0	  0	  0	  0	  0	  0	  0	6.2	0
19/07/2024 19:00:00	1.489	0.065	   0	   0	   0	  0	  0	  0	  0	  0	  0	  0	  0	  0	  0	6.2	0
19/07/2024 19:15:00	1.485	0.058	   0	   0	   0	  0	  0	  0	  0	  0	  0	  0	  0	  0	  0	6.2	0
19/07/2024 19:30:00	1.501	0.066	   0	   0	   0	  0	  0	  0	  0	  0	  0	  0	  0	  0	  0	6.2	0
19/07/2024 19:45:00	1.507	0.057	   0	   0	   0	  0	  0	  0	  0	  0	  0	  0	  0	  0	  0	6.2	0
19/07/2024 20:00:00	1.531	0.083	   0	   0	   0	  0	  0	  0	  0	  0	  0	  0	  0	  0	  0	6.2	0
19/07/2024 20:15:00	1.524	0.041	   0	   0	   0	  0	  0	  0	  0	  0	  0	  0	  0	  0	  0	6.2	0
19/07/2024 20:30:00	1.518	 0.06	   0	   0	   0	  0	  0	  0	  0	  0	  0	  0	  0	  0	  0	6.2	0
19/07/2024 20:45:00	1.509	0.063	   0	   0	   0	  0	  0	  0	  0	  0	  0	  0	  0	  0	  0	6.2	0
19/07/2024 21:00:00	1.506	0.031	   0	   0	   0	  0	  0	  0	  0	  0	  0	  0	  0	  0	  0	6.2	0
19/07/2024 21:15:00	1.489	0.049	   0	   0	   0	  0	  0	  0	  0	  0	  0	  0	  0	  0	  0	6.2	0
19/07/2024 21:30:00	1.494	0.054	   0	   0	   0	  0	  0	  0	  0	  0	  0	  0	  0	  0	  0	6.2	0
19/07/2024 21:45:00	1.471	0.065	   0	   0	   0	  0	  0	  0	  0	  0	  0	  0	  0	  0	  0	6.2	0
19/07/2024 22:00:00	1.439	0.079	   0	   0	   0	  0	  0	  0	  0	  0	  0	  0	  0	  0	  0	6.2	0
19/07/2024 22:15:00	1.442	0.042	   0	   0	   0	  0	  0	  0	  0	  0	  0	  0	  0	  0	  0	6.2	0
19/07/2024 22:30:00	1.431	0.042	   0	   0	   0	  0	  0	  0	  0	  0	  0	  0	  0	  0	  0	6.2	0
19/07/2024 22:45:00	1.436	0.019	   0	   0	   0	  0	  0	  0	  0	  0	  0	  0	  0	  0	  0	6.2	0
19/07/2024 23:00:00	 1.42	 0.03	   0	   0	   0	  0	  0	  0	  0	  0	  0	  0	  0	  0	  0	6.2	0
19/07/2024 23:15:00	1.398	0.048	   0	   0	   0	  0	  0	  0	  0	  0	  0	  0	  0	  0	  0	6.2	0
19/07/2024 23:30:00	1.393	0.039	   0	   0	   0	  0	  0	  0	  0	  0	  0	  0	  0	  0	  0	6.2	0
19/07/2024 23:45:00	 1.36	0.089	   0	   0	   0	  0	  0	  0	  0	  0	  0	  0	  0	  0	  0	6.2	0
20/07/2024 00:00:00	1.354	0.079	   0	   0	   0	  0	  0	  0	  0	  0	  0	  0	  0	  0	  0	6.2	0
20/07/2024 00:15:00	1.328	0.057	   0	   0	   0	  0	  0	  0	  0	  0	  0	  0	  0	  0	  0	6.2	0
20/07/2024 00:30:00	1.329	0.074	   0	   0	   0	  0	  0	  0	  0	  0	  0	  0	  0	  0	  0	6.2	0
20/07/2024 00:45:00	1.296	 0.06	   0	   0	   0	  0	  0	  0	  0	  0	  0	  0	  0	  0	  0	6.2	0
20/07/2024 01:00:00	1.267	0.051	   0	   0	   0	  0	  0	  0	  0	  0	  0	  0	  0	  0	  0	6.2	0
20/07/2024 01:15:00	 1.24	0.039	   0	   0	   0	  0	  0	  0	  0	  0	  0	  0	  0	  0	  0	6.2	0
20/07/2024 01:30:00	1.226	 0.07	   0	   0	   0	  0	  0	  0	  0	  0	  0	  0	  0	  0	  0	6.2	0
20/07/2024 01:45:00	1.186	0.042	   0	   0	   0	  0	  0	  0	  0	  0	  0	  0	  0	  0	  0	6.2	0
20/07/2024 02:00:00	1.162	0.136	   0	   0	   0	  0	  0	  0	  0	  0	  0	  0	  0	  0	  0	6.2	0
20/07/2024 02:15:00	1.117	0.058	   0	   0	   0	  0	  0	  0	  0	  0	  0	  0	  0	  0	  0	6.2	0
20/07/2024 02:30:00	1.085	0.074	   0	   0	   0	  0	  0	  0	  0	  0	  0	  0	  0	  0	  0	6.2	0
20/07/2024 02:45:00	1.047	0.059	   0	   0	   0	  0	  0	  0	  0	  0	  0	  0	  0	  0	  0	6.2	0
20/07/2024 03:00:00	1.016	0.055	   0	   0	   0	  0	  0	  0	  0	  0	  0	  0	  0	  0	  0	6.2	0
20/07/2024 03:15:00	0.975	0.046	   0	   0	   0	  0	  0	  0	  0	  0	  0	  0	  0	  0	  0	6.2	0
20/07/2024 03:30:00	0.929	0.091	   0	   0	   0	  0	  0	  0	  0	  0	  0	  0	  0	  0	  0	6.2	0
20/07/2024 03:45:00	 0.89	0.059	   0	   0	   0	  0	  0	  0	  0	  0	  0	  0	  0	  0	  0	6.2	0
20/07/2024 04:00:00	0.866	0.077	   0	   0	   0	  0	  0	  0	  0	  0	  0	  0	  0	  0	  0	6.2	0
20/07/2024 04:15:00	0.841	0.058	   0	   0	   0	  0	  0	  0	  0	  0	  0	  0	  0	  0	  0	6.2	0
20/07/2024 04:30:00	0.816	0.042	   0	   0	   0	  0	  0	  0	  0	  0	  0	  0	  0	  0	  0	6.2	0
20/07/2024 04:45:00	0.768	0.029	   0	   0	   0	  0	  0	  0	  0	  0	  0	  0	  0	  0	  0	6.2	0
20/07/2024 05:00:00	 0.76	0.028	   0	   0	   0	  0	  0	  0	  0	  0	  0	  0	  0	  0	  0	6.2	0
20/07/2024 05:15:00	0.725	0.028	   0	   0	   0	  0	  0	  0	  0	  0	  0	  0	  0	  0	  0	6.2	0
20/07/2024 05:30:00	0.709	0.063	   0	   0	   0	  0	  0	  0	  0	  0	  0	  0	  0	  0	  0	6.2	0
20/07/2024 05:45:00	0.695	0.026	   0	   0	   0	  0	  0	  0	  0	  0	  0	  0	  0	  0	  0	6.2	0
20/07/2024 06:00:00	0.679	0.032	   0	   0	   0	  0	  0	  0	  0	  0	  0	  0	  0	  0	  0	6.2	0
20/07/2024 06:15:00	0.666	0.034	   0	   0	   0	  0	  0	  0	  0	  0	  0	  0	  0	  0	  0	6.2	0
20/07/2024 06:30:00	0.659	0.045	   0	   0	   0	  0	  0	  0	  0	  0	  0	  0	  0	  0	  0	6.2	0
20/07/2024 06:45:00	0.657	0.032	   0	   0	   0	  0	  0	  0	  0	  0	  0	  0	  0	  0	  0	6.2	0
20/07/2024 07:00:00	0.655	0.022	   0	   0	   0	  0	  0	  0	  0	  0	  0	  0	  0	  0	  0	6.2	0
20/07/2024 07:15:00	0.662	0.021	   0	   0	   0	  0	  0	  0	  0	  0	  0	  0	  0	  0	  0	6.2	0
20/07/2024 07:30:00	0.664	0.049	   0	   0	   0	  0	  0	  0	  0	  0	  0	  0	  0	  0	  0	6.2	0
20/07/2024 07:45:00	0.662	 0.04	   0	   0	   0	  0	  0	  0	  0	  0	  0	  0	  0	  0	  0	6.2	0
20/07/2024 08:00:00	0.663	0.031	   0	   0	   0	  0	  0	  0	  0	  0	  0	  0	  0	  0	  0	6.2	0
20/07/2024 08:15:00	0.668	0.026	   0	   0	   0	  0	  0	  0	  0	  0	  0	  0	  0	  0	  0	6.2	0
20/07/2024 08:30:00	0.684	0.036	   0	   0	   0	  0	  0	  0	  0	  0	  0	  0	  0	  0	  0	6.2	0
20/07/2024 08:45:00	0.706	0.037	   0	   0	   0	  0	  0	  0	  0	  0	  0	  0	  0	  0	  0	6.2	0
20/07/2024 09:00:00	0.715	0.035	   0	   0	   0	  0	  0	  0	  0	  0	  0	  0	  0	  0	  0	6.2	0
20/07/2024 09:15:00	0.726	0.032	   0	   0	   0	  0	  0	  0	  0	  0	  0	  0	  0	  0	  0	6.2	0
20/07/2024 09:30:00	0.744	0.027	   0	   0	   0	  0	  0	  0	  0	  0	  0	  0	  0	  0	  0	6.2	0
20/07/2024 09:45:00	0.753	0.031	   0	   0	   0	  0	  0	  0	  0	  0	  0	  0	  0	  0	  0	6.2	0
20/07/2024 10:00:00	 0.77	0.044	   0	   0	   0	  0	  0	  0	  0	  0	  0	  0	  0	  0	  0	6.2	0
20/07/2024 10:15:00	0.786	0.023	   0	   0	   0	  0	  0	  0	  0	  0	  0	  0	  0	  0	  0	6.2	0
20/07/2024 10:30:00	0.816	0.032	   0	   0	   0	  0	  0	  0	  0	  0	  0	  0	  0	  0	  0	6.2	0
20/07/2024 10:45:00	0.834	0.033	   0	   0	   0	  0	  0	  0	  0	  0	  0	  0	  0	  0	  0	6.2	0
20/07/2024 11:00:00	0.858	 0.02	   0	   0	   0	  0	  0	  0	  0	  0	  0	  0	  0	  0	  0	6.2	0
20/07/2024 11:15:00	0.869	0.022	   0	   0	   0	  0	  0	  0	  0	  0	  0	  0	  0	  0	  0	6.2	0
20/07/2024 11:30:00	0.889	0.037	   0	   0	   0	  0	  0	  0	  0	  0	  0	  0	  0	  0	  0	6.2	0
20/07/2024 11:45:00	0.903	0.023	   0	   0	   0	  0	  0	  0	  0	  0	  0	  0	  0	  0	  0	6.2	0
20/07/2024 12:00:00	0.929	 0.03	   0	   0	   0	  0	  0	  0	  0	  0	  0	  0	  0	  0	  0	6.2	0
20/07/2024 12:15:00	0.939	0.031	   0	   0	   0	  0	  0	  0	  0	  0	  0	  0	  0	  0	  0	6.2	0
20/07/2024 12:30:00	0.949	0.041	   0	   0	   0	  0	  0	  0	  0	  0	  0	  0	  0	  0	  0	6.2	0
20/07/2024 12:45:00	0.973	0.032	   0	   0	   0	  0	  0	  0	  0	  0	  0	  0	  0	  0	  0	6.2	0
20/07/2024 13:00:00	0.981	0.034	   0	   0	   0	  0	  0	  0	  0	  0	  0	  0	  0	  0	  0	6.2	0
20/07/2024 13:15:00	0.989	0.041	   0	   0	   0	  0	  0	  0	  0	  0	  0	  0	  0	  0	  0	6.2	0
20/07/2024 13:30:00	0.994	0.032	   0	   0	   0	  0	  0	  0	  0	  0	  0	  0	  0	  0	  0	6.2	0
20/07/2024 13:45:00	1.001	0.029	   0	   0	   0	  0	  0	  0	  0	  0	  0	  0	  0	  0	  0	6.2	0
20/07/2024 14:00:00	1.015	0.047	   0	   0	   0	  0	  0	  0	  0	  0	  0	  0	  0	  0	  0	6.2	0
20/07/2024 14:15:00	1.017	0.063	   0	   0	   0	  0	  0	  0	  0	  0	  0	  0	  0	  0	  0	6.2	0
20/07/2024 14:30:00	1.023	0.034	   0	   0	   0	  0	  0	  0	  0	  0	  0	  0	  0	  0	  0	6.2	0
20/07/2024 14:45:00	 1.03	0.035	   0	   0	   0	  0	  0	  0	  0	  0	  0	  0	  0	  0	  0	6.2	0
20/07/2024 15:00:00	1.025	0.066	   0	   0	   0	  0	  0	  0	  0	  0	  0	  0	  0	  0	  0	6.2	0
20/07/2024 15:15:00	1.053	0.036	   0	   0	   0	  0	  0	  0	  0	  0	  0	  0	  0	  0	  0	6.2	0
20/07/2024 15:30:00	1.054	0.016	   0	   0	   0	  0	  0	  0	  0	  0	  0	  0	  0	  0	  0	6.2	0
20/07/2024 15:45:00	1.076	0.056	   0	   0	   0	  0	  0	  0	  0	  0	  0	  0	  0	  0	  0	6.2	0
20/07/2024 16:00:00	1.079	0.041	   0	   0	   0	  0	  0	  0	  0	  0	  0	  0	  0	  0	  0	6.2	0
20/07/2024 16:15:00	1.107	0.038	   0	   0	   0	  0	  0	  0	  0	  0	  0	  0	  0	  0	  0	6.2	0
20/07/2024 16:30:00	1.129	0.025	   0	   0	   0	  0	  0	  0	  0	  0	  0	  0	  0	  0	  0	6.2	0
20/07/2024 16:45:00	1.152	0.052	   0	   0	   0	  0	  0	  0	  0	  0	  0	  0	  0	  0	  0	6.2	0
20/07/2024 17:00:00	 1.18	0.052	   0	   0	   0	  0	  0	  0	  0	  0	  0	  0	  0	  0	  0	6.2	0
20/07/2024 17:15:00	 1.22	0.042	   0	   0	   0	  0	  0	  0	  0	  0	  0	  0	  0	  0	  0	6.2	0
20/07/2024 17:30:00	1.253	0.021	   0	   0	   0	  0	  0	  0	  0	  0	  0	  0	  0	  0	  0	6.2	0
20/07/2024 17:45:00	1.279	0.039	   0	   0	   0	  0	  0	  0	  0	  0	  0	  0	  0	  0	  0	6.2	0
20/07/2024 18:00:00	1.316	0.049	   0	   0	   0	  0	  0	  0	  0	  0	  0	  0	  0	  0	  0	6.2	0
20/07/2024 18:15:00	1.351	0.072	   0	   0	   0	  0	  0	  0	  0	  0	  0	  0	  0	  0	  0	6.2	0
20/07/2024 18:30:00	1.378	0.023	   0	   0	   0	  0	  0	  0	  0	  0	  0	  0	  0	  0	  0	6.2	0
20/07/2024 18:45:00	1.404	0.022	   0	   0	   0	  0	  0	  0	  0	  0	  0	  0	  0	  0	  0	6.2	0
20/07/2024 19:00:00	1.412	0.052	   0	   0	   0	  0	  0	  0	  0	  0	  0	  0	  0	  0	  0	6.2	0
20/07/2024 19:15:00	 1.45	0.028	   0	   0	   0	  0	  0	  0	  0	  0	  0	  0	  0	  0	  0	6.2	0
20/07/2024 19:30:00	1.469	0.018	   0	   0	   0	  0	  0	  0	  0	  0	  0	  0	  0	  0	  0	6.2	0
20/07/2024 19:45:00	1.482	0.044	   0	   0	   0	  0	  0	  0	  0	  0	  0	  0	  0	  0	  0	6.2	0
20/07/2024 20:00:00	1.496	0.044	   0	   0	   0	  0	  0	  0	  0	  0	  0	  0	  0	  0	  0	6.2	0
20/07/2024 20:15:00	1.505	 0.02	   0	   0	   0	  0	  0	  0	  0	  0	  0	  0	  0	  0	  0	6.2	0
20/07/2024 20:30:00	1.526	 0.03	   0	   0	   0	  0	  0	  0	  0	  0	  0	  0	  0	  0	  0	6.2	0
20/07/2024 20:45:00	1.507	0.035	   0	   0	   0	  0	  0	  0	  0	  0	  0	  0	  0	  0	  0	6.2	0
20/07/2024 21:00:00	1.527	 0.05	   0	   0	   0	  0	  0	  0	  0	  0	  0	  0	  0	  0	  0	6.2	0
20/07/2024 21:15:00	1.509	0.024	   0	   0	   0	  0	  0	  0	  0	  0	  0	  0	  0	  0	  0	6.2	0
20/07/2024 21:30:00	1.519	0.058	   0	   0	   0	  0	  0	  0	  0	  0	  0	  0	  0	  0	  0	6.2	0
20/07/2024 21:45:00	1.514	0.031	   0	   0	   0	  0	  0	  0	  0	  0	  0	  0	  0	  0	  0	6.2	0
20/07/2024 22:00:00	1.486	0.042	   0	   0	   0	  0	  0	  0	  0	  0	  0	  0	  0	  0	  0	6.2	0
20/07/2024 22:15:00	1.489	0.041	   0	   0	   0	  0	  0	  0	  0	  0	  0	  0	  0	  0	  0	6.2	0
20/07/2024 22:30:00	1.468	0.035	   0	   0	   0	  0	  0	  0	  0	  0	  0	  0	  0	  0	  0	6.2	0
20/07/2024 22:45:00	1.442	0.027	   0	   0	   0	  0	  0	  0	  0	  0	  0	  0	  0	  0	  0	6.2	0
20/07/2024 23:00:00	1.415	0.065	   0	   0	   0	  0	  0	  0	  0	  0	  0	  0	  0	  0	  0	6.2	0
20/07/2024 23:15:00	1.412	0.029	   0	   0	   0	  0	  0	  0	  0	  0	  0	  0	  0	  0	  0	6.2	0
20/07/2024 23:30:00	1.398	0.024	   0	   0	   0	  0	  0	  0	  0	  0	  0	  0	  0	  0	  0	6.2	0
20/07/2024 23:45:00	1.385	0.024	   0	   0	   0	  0	  0	  0	  0	  0	  0	  0	  0	  0	  0	6.2	0
21/07/2024 00:00:00	1.356	0.028	   0	   0	   0	  0	  0	  0	  0	  0	  0	  0	  0	  0	  0	6.2	0
21/07/2024 00:15:00	1.317	0.025	   0	   0	   0	  0	  0	  0	  0	  0	  0	  0	  0	  0	  0	6.2	0
21/07/2024 00:30:00	1.282	0.069	   0	   0	   0	  0	  0	  0	  0	  0	  0	  0	  0	  0	  0	6.1	0
21/07/2024 00:45:00	1.265	0.076	   0	   0	   0	  0	  0	  0	  0	  0	  0	  0	  0	  0	  0	6.2	0
21/07/2024 01:00:00	1.247	0.058	   0	   0	   0	  0	  0	  0	  0	  0	  0	  0	  0	  0	  0	6.2	0
21/07/2024 01:15:00	1.215	0.051	   0	   0	   0	  0	  0	  0	  0	  0	  0	  0	  0	  0	  0	6.2	0
21/07/2024 01:30:00	1.185	 0.03	   0	   0	   0	  0	  0	  0	  0	  0	  0	  0	  0	  0	  0	6.2	0
21/07/2024 01:45:00	1.164	0.049	   0	   0	   0	  0	  0	  0	  0	  0	  0	  0	  0	  0	  0	6.2	0
21/07/2024 02:00:00	1.126	0.022	   0	   0	   0	  0	  0	  0	  0	  0	  0	  0	  0	  0	  0	6.2	0
21/07/2024 02:15:00	1.102	0.048	   0	   0	   0	  0	  0	  0	  0	  0	  0	  0	  0	  0	  0	6.2	0
21/07/2024 02:30:00	1.065	0.039	   0	   0	   0	  0	  0	  0	  0	  0	  0	  0	  0	  0	  0	6.2	0
21/07/2024 02:45:00	1.052	0.058	   0	   0	   0	  0	  0	  0	  0	  0	  0	  0	  0	  0	  0	6.1	0
21/07/2024 03:00:00	0.999	0.046	   0	   0	   0	  0	  0	  0	  0	  0	  0	  0	  0	  0	  0	6.1	0
21/07/2024 03:15:00	0.966	0.033	   0	   0	   0	  0	  0	  0	  0	  0	  0	  0	  0	  0	  0	6.2	0
21/07/2024 03:30:00	0.925	0.026	   0	   0	   0	  0	  0	  0	  0	  0	  0	  0	  0	  0	  0	6.2	0
21/07/2024 03:45:00	0.896	0.043	   0	   0	   0	  0	  0	  0	  0	  0	  0	  0	  0	  0	  0	6.2	0
21/07/2024 04:00:00	0.866	0.049	   0	   0	   0	  0	  0	  0	  0	  0	  0	  0	  0	  0	  0	6.2	0
21/07/2024 04:15:00	0.829	0.034	   0	   0	   0	  0	  0	  0	  0	  0	  0	  0	  0	  0	  0	6.2	0
21/07/2024 04:30:00	0.797	 0.05	   0	   0	   0	  0	  0	  0	  0	  0	  0	  0	  0	  0	  0	6.2	0
21/07/2024 04:45:00	0.773	 0.02	   0	   0	   0	  0	  0	  0	  0	  0	  0	  0	  0	  0	  0	6.2	0
21/07/2024 05:00:00	0.739	0.027	   0	   0	   0	  0	  0	  0	  0	  0	  0	  0	  0	  0	  0	6.2	0
21/07/2024 05:15:00	0.722	0.024	   0	   0	   0	  0	  0	  0	  0	  0	  0	  0	  0	  0	  0	6.2	0
21/07/2024 05:30:00	0.698	0.022	   0	   0	   0	  0	  0	  0	  0	  0	  0	  0	  0	  0	  0	  6	0
21/07/2024 05:45:00	0.673	0.023	   0	   0	   0	  0	  0	  0	  0	  0	  0	  0	  0	  0	  0	6.2	0
21/07/2024 06:00:00	0.652	0.025	   0	   0	   0	  0	  0	  0	  0	  0	  0	  0	  0	  0	  0	6.2	0
21/07/2024 06:15:00	0.632	0.024	   0	   0	   0	  0	  0	  0	  0	  0	  0	  0	  0	  0	  0	6.2	0
21/07/2024 06:30:00	 0.62	0.028	   0	   0	   0	  0	  0	  0	  0	  0	  0	  0	  0	  0	  0	6.1	0
21/07/2024 06:45:00	0.618	0.025	   0	   0	   0	  0	  0	  0	  0	  0	  0	  0	  0	  0	  0	6.1	0
21/07/2024 07:00:00	0.598	0.037	   0	   0	   0	  0	  0	  0	  0	  0	  0	  0	  0	  0	  0	  6	0
21/07/2024 07:15:00	0.601	0.033	   0	   0	   0	  0	  0	  0	  0	  0	  0	  0	  0	  0	  0	5.6	0
21/07/2024 07:30:00	0.607	0.033	   0	   0	   0	  0	  0	  0	  0	  0	  0	  0	  0	  0	  0	6.2	0
21/07/2024 07:45:00	0.592	0.027	   0	   0	   0	  0	  0	  0	  0	  0	  0	  0	  0	  0	  0	6.2	0
21/07/2024 08:00:00	0.606	0.024	   0	   0	   0	  0	  0	  0	  0	  0	  0	  0	  0	  0	  0	6.2	0
21/07/2024 08:15:00	0.611	0.029	   0	   0	   0	  0	  0	  0	  0	  0	  0	  0	  0	  0	  0	6.2	0
21/07/2024 08:30:00	0.614	0.023	   0	   0	   0	  0	  0	  0	  0	  0	  0	  0	  0	  0	  0	6.2	0
21/07/2024 08:45:00	0.617	0.034	   0	   0	   0	  0	  0	  0	  0	  0	  0	  0	  0	  0	  0	6.2	0
21/07/2024 09:00:00	0.627	0.022	   0	   0	   0	  0	  0	  0	  0	  0	  0	  0	  0	  0	  0	6.2	0
21/07/2024 09:15:00	0.632	0.023	   0	   0	   0	  0	  0	  0	  0	  0	  0	  0	  0	  0	  0	6.2	0
21/07/2024 09:30:00	0.638	0.038	   0	   0	   0	  0	  0	  0	  0	  0	  0	  0	  0	  0	  0	6.2	0
21/07/2024 09:45:00	0.643	0.024	   0	   0	   0	  0	  0	  0	  0	  0	  0	  0	  0	  0	  0	6.2	0
21/07/2024 10:00:00	0.664	0.029	   0	   0	   0	  0	  0	  0	  0	  0	  0	  0	  0	  0	  0	6.2	0
21/07/2024 10:15:00	0.673	0.032	   0	   0	   0	  0	  0	  0	  0	  0	  0	  0	  0	  0	  0	6.2	0
21/07/2024 10:30:00	0.685	0.017	   0	   0	   0	  0	  0	  0	  0	  0	  0	  0	  0	  0	  0	6.2	0
21/07/2024 10:45:00	0.702	0.014	   0	   0	   0	  0	  0	  0	  0	  0	  0	  0	  0	  0	  0	6.2	0
21/07/2024 11:00:00	0.703	0.019	   0	   0	   0	  0	  0	  0	  0	  0	  0	  0	  0	  0	  0	6.2	0
21/07/2024 11:15:00	0.721	 0.02	   0	   0	   0	  0	  0	  0	  0	  0	  0	  0	  0	  0	  0	6.2	0
21/07/2024 11:30:00	 0.73	0.014	   0	   0	   0	  0	  0	  0	  0	  0	  0	  0	  0	  0	  0	6.2	0
21/07/2024 11:45:00	0.745	0.023	   0	   0	   0	  0	  0	  0	  0	  0	  0	  0	  0	  0	  0	6.2	0
21/07/2024 12:00:00	0.751	0.017	   0	   0	   0	  0	  0	  0	  0	  0	  0	  0	  0	  0	  0	6.2	0
21/07/2024 12:15:00	 0.77	0.024	   0	   0	   0	  0	  0	  0	  0	  0	  0	  0	  0	  0	  0	6.2	0
21/07/2024 12:30:00	0.789	0.015	   0	   0	   0	  0	  0	  0	  0	  0	  0	  0	  0	  0	  0	6.2	0
21/07/2024 12:45:00	0.801	0.013	   0	   0	   0	  0	  0	  0	  0	  0	  0	  0	  0	  0	  0	6.2	0
21/07/2024 13:00:00	0.818	0.019	   0	   0	   0	  0	  0	  0	  0	  0	  0	  0	  0	  0	  0	6.2	0
21/07/2024 13:15:00	0.833	0.015	   0	   0	   0	  0	  0	  0	  0	  0	  0	  0	  0	  0	  0	6.2	0
21/07/2024 13:30:00	0.838	0.025	   0	   0	   0	  0	  0	  0	  0	  0	  0	  0	  0	  0	  0	6.2	0
21/07/2024 13:45:00	0.859	0.016	   0	   0	   0	  0	  0	  0	  0	  0	  0	  0	  0	  0	  0	6.2	0
21/07/2024 14:00:00	0.867	 0.02	   0	   0	   0	  0	  0	  0	  0	  0	  0	  0	  0	  0	  0	6.2	0
21/07/2024 14:15:00	0.885	0.032	   0	   0	   0	  0	  0	  0	  0	  0	  0	  0	  0	  0	  0	6.2	0
21/07/2024 14:30:00	  0.9	0.028	   0	   0	   0	  0	  0	  0	  0	  0	  0	  0	  0	  0	  0	6.2	0
21/07/2024 14:45:00	0.903	0.033	   0	   0	   0	  0	  0	  0	  0	  0	  0	  0	  0	  0	  0	6.2	0
21/07/2024 15:00:00	0.932	0.023	   0	   0	   0	  0	  0	  0	  0	  0	  0	  0	  0	  0	  0	6.2	0
21/07/2024 15:15:00	0.941	0.016	   0	   0	   0	  0	  0	  0	  0	  0	  0	  0	  0	  0	  0	6.2	0
21/07/2024 15:30:00	0.952	0.031	   0	   0	   0	  0	  0	  0	  0	  0	  0	  0	  0	  0	  0	6.2	0
21/07/2024 15:45:00	0.962	0.058	   0	   0	   0	  0	  0	  0	  0	  0	  0	  0	  0	  0	  0	6.2	0
21/07/2024 16:00:00	0.979	0.047	   0	   0	   0	  0	  0	  0	  0	  0	  0	  0	  0	  0	  0	6.2	0
21/07/2024 16:15:00	    1	0.042	   0	   0	   0	  0	  0	  0	  0	  0	  0	  0	  0	  0	  0	6.2	0
21/07/2024 16:30:00	1.022	0.034	   0	   0	   0	  0	  0	  0	  0	  0	  0	  0	  0	  0	  0	6.2	0
21/07/2024 16:45:00	1.045	0.036	   0	   0	   0	  0	  0	  0	  0	  0	  0	  0	  0	  0	  0	6.2	0
21/07/2024 17:00:00	1.058	0.018	   0	   0	   0	  0	  0	  0	  0	  0	  0	  0	  0	  0	  0	6.2	0
21/07/2024 17:15:00	1.095	 0.05	   0	   0	   0	  0	  0	  0	  0	  0	  0	  0	  0	  0	  0	6.2	0
21/07/2024 17:30:00	1.131	0.031	   0	   0	   0	  0	  0	  0	  0	  0	  0	  0	  0	  0	  0	6.2	0
21/07/2024 17:45:00	1.156	0.033	   0	   0	   0	  0	  0	  0	  0	  0	  0	  0	  0	  0	  0	6.2	0
21/07/2024 18:00:00	1.186	0.018	   0	   0	   0	  0	  0	  0	  0	  0	  0	  0	  0	  0	  0	6.2	0
21/07/2024 18:15:00	1.227	0.037	   0	   0	   0	  0	  0	  0	  0	  0	  0	  0	  0	  0	  0	6.2	0
21/07/2024 18:30:00	1.251	0.042	   0	   0	   0	  0	  0	  0	  0	  0	  0	  0	  0	  0	  0	6.2	0
21/07/2024 18:45:00	1.273	0.027	   0	   0	   0	  0	  0	  0	  0	  0	  0	  0	  0	  0	  0	6.2	0
21/07/2024 19:00:00	1.306	0.028	   0	   0	   0	  0	  0	  0	  0	  0	  0	  0	  0	  0	  0	6.2	0
21/07/2024 19:15:00	1.349	0.012	   0	   0	   0	  0	  0	  0	  0	  0	  0	  0	  0	  0	  0	6.2	0
21/07/2024 19:30:00	 1.38	0.029	   0	   0	   0	  0	  0	  0	  0	  0	  0	  0	  0	  0	  0	6.2	0
21/07/2024 19:45:00	1.398	0.036	   0	   0	   0	  0	  0	  0	  0	  0	  0	  0	  0	  0	  0	6.2	0
21/07/2024 20:00:00	1.433	 0.03	   0	   0	   0	  0	  0	  0	  0	  0	  0	  0	  0	  0	  0	6.2	0
21/07/2024 20:15:00	 1.46	 0.02	   0	   0	   0	  0	  0	  0	  0	  0	  0	  0	  0	  0	  0	6.2	0
21/07/2024 20:30:00	1.475	0.018	   0	   0	   0	  0	  0	  0	  0	  0	  0	  0	  0	  0	  0	6.2	0
21/07/2024 20:45:00	1.492	0.022	   0	   0	   0	  0	  0	  0	  0	  0	  0	  0	  0	  0	  0	6.2	0
21/07/2024 21:00:00	  1.5	0.022	   0	   0	   0	  0	  0	  0	  0	  0	  0	  0	  0	  0	  0	6.2	0
21/07/2024 21:15:00	1.499	0.024	   0	   0	   0	  0	  0	  0	  0	  0	  0	  0	  0	  0	  0	6.2	0
21/07/2024 21:30:00	1.515	 0.03	   0	   0	   0	  0	  0	  0	  0	  0	  0	  0	  0	  0	  0	6.2	0
21/07/2024 21:45:00	1.512	0.023	   0	   0	   0	  0	  0	  0	  0	  0	  0	  0	  0	  0	  0	6.2	0
21/07/2024 22:00:00	1.494	0.024	   0	   0	   0	  0	  0	  0	  0	  0	  0	  0	  0	  0	  0	6.2	0
21/07/2024 22:15:00	1.485	0.029	   0	   0	   0	  0	  0	  0	  0	  0	  0	  0	  0	  0	  0	6.2	0
21/07/2024 22:30:00	1.475	0.024	   0	   0	   0	  0	  0	  0	  0	  0	  0	  0	  0	  0	  0	6.2	0
21/07/2024 22:45:00	1.442	0.032	   0	   0	   0	  0	  0	  0	  0	  0	  0	  0	  0	  0	  0	6.2	0
21/07/2024 23:00:00	1.433	0.037	   0	   0	   0	  0	  0	  0	  0	  0	  0	  0	  0	  0	  0	6.2	0
21/07/2024 23:15:00	1.412	0.018	   0	   0	   0	  0	  0	  0	  0	  0	  0	  0	  0	  0	  0	6.2	0
21/07/2024 23:30:00	1.389	0.025	   0	   0	   0	  0	  0	  0	  0	  0	  0	  0	  0	  0	  0	6.2	0
21/07/2024 23:45:00	1.365	0.032	   0	   0	   0	  0	  0	  0	  0	  0	  0	  0	  0	  0	  0	6.2	0
22/07/2024 00:00:00	1.343	0.027	   0	   0	   0	  0	  0	  0	  0	  0	  0	  0	  0	  0	  0	6.2	0
22/07/2024 00:15:00	1.325	0.027	   0	   0	   0	  0	  0	  0	  0	  0	  0	  0	  0	  0	  0	6.2	0
22/07/2024 00:30:00	1.306	0.035	   0	   0	   0	  0	  0	  0	  0	  0	  0	  0	  0	  0	  0	6.2	0
22/07/2024 00:45:00	1.289	0.017	   0	   0	   0	  0	  0	  0	  0	  0	  0	  0	  0	  0	  0	6.2	0
22/07/2024 01:00:00	1.264	0.026	   0	   0	   0	  0	  0	  0	  0	  0	  0	  0	  0	  0	  0	6.2	0
22/07/2024 01:15:00	1.237	0.025	   0	   0	   0	  0	  0	  0	  0	  0	  0	  0	  0	  0	  0	6.2	0
22/07/2024 01:30:00	1.219	0.021	   0	   0	   0	  0	  0	  0	  0	  0	  0	  0	  0	  0	  0	6.2	0
22/07/2024 01:45:00	1.192	0.029	   0	   0	   0	  0	  0	  0	  0	  0	  0	  0	  0	  0	  0	6.2	0
22/07/2024 02:00:00	1.166	0.015	   0	   0	   0	  0	  0	  0	  0	  0	  0	  0	  0	  0	  0	6.2	0
22/07/2024 02:15:00	1.141	0.018	   0	   0	   0	  0	  0	  0	  0	  0	  0	  0	  0	  0	  0	6.2	0
22/07/2024 02:30:00	1.114	0.022	   0	   0	   0	  0	  0	  0	  0	  0	  0	  0	  0	  0	  0	6.2	0
22/07/2024 02:45:00	1.094	0.031	   0	   0	   0	  0	  0	  0	  0	  0	  0	  0	  0	  0	  0	6.2	0
22/07/2024 03:00:00	1.057	0.025	   0	   0	   0	  0	  0	  0	  0	  0	  0	  0	  0	  0	  0	6.2	0
22/07/2024 03:15:00	1.027	0.022	   0	   0	   0	  0	  0	  0	  0	  0	  0	  0	  0	  0	  0	6.2	0
22/07/2024 03:30:00	1.007	 0.03	   0	   0	   0	  0	  0	  0	  0	  0	  0	  0	  0	  0	  0	6.2	0
22/07/2024 03:45:00	0.975	0.026	   0	   0	   0	  0	  0	  0	  0	  0	  0	  0	  0	  0	  0	6.2	0
22/07/2024 04:00:00	0.946	0.021	   0	   0	   0	  0	  0	  0	  0	  0	  0	  0	  0	  0	  0	6.2	0
22/07/2024 04:15:00	0.911	0.033	   0	   0	   0	  0	  0	  0	  0	  0	  0	  0	  0	  0	  0	6.2	0
22/07/2024 04:30:00	0.878	0.037	   0	   0	   0	  0	  0	  0	  0	  0	  0	  0	  0	  0	  0	6.2	0
22/07/2024 04:45:00	0.845	0.033	   0	   0	   0	  0	  0	  0	  0	  0	  0	  0	  0	  0	  0	6.2	0
22/07/2024 05:00:00	0.807	0.031	   0	   0	   0	  0	  0	  0	  0	  0	  0	  0	  0	  0	  0	6.1	0
22/07/2024 05:15:00	0.774	0.019	   0	   0	   0	  0	  0	  0	  0	  0	  0	  0	  0	  0	  0	  6	0
22/07/2024 05:30:00	0.745	0.024	   0	   0	   0	  0	  0	  0	  0	  0	  0	  0	  0	  0	  0	6.2	0
22/07/2024 05:45:00	0.717	0.006	   0	   0	   0	  0	  0	  0	  0	  0	  0	  0	  0	  0	  0	6.2	0
22/07/2024 06:00:00	0.701	0.021	   0	   0	   0	  0	  0	  0	  0	  0	  0	  0	  0	  0	  0	6.1	0
22/07/2024 06:15:00	0.677	0.021	   0	   0	   0	  0	  0	  0	  0	  0	  0	  0	  0	  0	  0	6.2	0
22/07/2024 06:30:00	0.653	0.024	   0	   0	   0	  0	  0	  0	  0	  0	  0	  0	  0	  0	  0	6.2	0
22/07/2024 06:45:00	0.622	0.026	   0	   0	   0	  0	  0	  0	  0	  0	  0	  0	  0	  0	  0	6.1	0
22/07/2024 07:00:00	0.604	0.017	   0	   0	   0	  0	  0	  0	  0	  0	  0	  0	  0	  0	  0	  6	0
22/07/2024 07:15:00	0.594	0.042	   0	   0	   0	  0	  0	  0	  0	  0	  0	  0	  0	  0	  0	6.1	0
22/07/2024 07:30:00	0.578	0.029	   0	   0	   0	  0	  0	  0	  0	  0	  0	  0	  0	  0	  0	6.1	0
22/07/2024 07:45:00	0.565	0.045	   0	   0	   0	  0	  0	  0	  0	  0	  0	  0	  0	  0	  0	6.1	0
22/07/2024 08:00:00	0.568	 0.03	   0	   0	   0	  0	  0	  0	  0	  0	  0	  0	  0	  0	  0	6.1	0
22/07/2024 08:15:00	0.576	0.042	   0	   0	   0	  0	  0	  0	  0	  0	  0	  0	  0	  0	  0	6.1	0
22/07/2024 08:30:00	0.569	0.039	   0	   0	   0	  0	  0	  0	  0	  0	  0	  0	  0	  0	  0	6.1	0
22/07/2024 08:45:00	 0.59	0.034	   0	   0	   0	  0	  0	  0	  0	  0	  0	  0	  0	  0	  0	6.1	0
22/07/2024 09:00:00	0.599	0.032	   0	   0	   0	  0	  0	  0	  0	  0	  0	  0	  0	  0	  0	6.1	0
22/07/2024 09:15:00	0.609	0.021	   0	   0	   0	  0	  0	  0	  0	  0	  0	  0	  0	  0	  0	6.1	0
22/07/2024 09:30:00	0.625	0.031	   0	   0	   0	  0	  0	  0	  0	  0	  0	  0	  0	  0	  0	6.1	0
22/07/2024 09:45:00	0.634	0.031	   0	   0	   0	  0	  0	  0	  0	  0	  0	  0	  0	  0	  0	6.1	0
22/07/2024 10:00:00	0.646	0.035	   0	   0	   0	  0	  0	  0	  0	  0	  0	  0	  0	  0	  0	6.2	0
22/07/2024 10:15:00	0.653	0.039	   0	   0	   0	  0	  0	  0	  0	  0	  0	  0	  0	  0	  0	6.2	0
22/07/2024 10:30:00	0.663	0.034	   0	   0	   0	  0	  0	  0	  0	  0	  0	  0	  0	  0	  0	6.1	0
22/07/2024 10:45:00	0.673	0.055	   0	   0	   0	  0	  0	  0	  0	  0	  0	  0	  0	  0	  0	6.2	0
22/07/2024 11:00:00	0.691	0.017	   0	   0	   0	  0	  0	  0	  0	  0	  0	  0	  0	  0	  0	6.2	0
22/07/2024 11:15:00	0.707	0.017	   0	   0	   0	  0	  0	  0	  0	  0	  0	  0	  0	  0	  0	6.2	0
22/07/2024 11:30:00	0.732	0.029	   0	   0	   0	  0	  0	  0	  0	  0	  0	  0	  0	  0	  0	6.2	0
22/07/2024 11:45:00	0.741	 0.01	   0	   0	   0	  0	  0	  0	  0	  0	  0	  0	  0	  0	  0	6.2	0
22/07/2024 12:00:00	0.752	0.016	   0	   0	   0	  0	  0	  0	  0	  0	  0	  0	  0	  0	  0	6.2	0
22/07/2024 12:15:00	 0.76	0.023	   0	   0	   0	  0	  0	  0	  0	  0	  0	  0	  0	  0	  0	6.2	0
22/07/2024 12:30:00	 0.78	0.028	   0	   0	   0	  0	  0	  0	  0	  0	  0	  0	  0	  0	  0	6.2	0
22/07/2024 12:45:00	0.786	0.019	   0	   0	   0	  0	  0	  0	  0	  0	  0	  0	  0	  0	  0	6.2	0
22/07/2024 13:00:00	0.801	0.011	   0	   0	   0	  0	  0	  0	  0	  0	  0	  0	  0	  0	  0	6.2	0
22/07/2024 13:15:00	0.816	0.019	   0	   0	   0	  0	  0	  0	  0	  0	  0	  0	  0	  0	  0	6.2	0
22/07/2024 13:30:00	0.823	0.018	   0	   0	   0	  0	  0	  0	  0	  0	  0	  0	  0	  0	  0	6.2	0
22/07/2024 13:45:00	0.836	0.015	   0	   0	   0	  0	  0	  0	  0	  0	  0	  0	  0	  0	  0	6.2	0
22/07/2024 14:00:00	0.846	0.013	   0	   0	   0	  0	  0	  0	  0	  0	  0	  0	  0	  0	  0	6.2	0
22/07/2024 14:15:00	0.858	0.018	   0	   0	   0	  0	  0	  0	  0	  0	  0	  0	  0	  0	  0	6.2	0
22/07/2024 14:30:00	0.868	0.013	   0	   0	   0	  0	  0	  0	  0	  0	  0	  0	  0	  0	  0	6.2	0
22/07/2024 14:45:00	0.879	 0.01	   0	   0	   0	  0	  0	  0	  0	  0	  0	  0	  0	  0	  0	6.2	0
22/07/2024 15:00:00	0.895	0.023	   0	   0	   0	  0	  0	  0	  0	  0	  0	  0	  0	  0	  0	6.2	0
22/07/2024 15:15:00	0.908	 0.02	   0	   0	   0	  0	  0	  0	  0	  0	  0	  0	  0	  0	  0	6.2	0
22/07/2024 15:30:00	 0.92	0.026	   0	   0	   0	  0	  0	  0	  0	  0	  0	  0	  0	  0	  0	6.2	0
22/07/2024 15:45:00	0.941	 0.03	   0	   0	   0	  0	  0	  0	  0	  0	  0	  0	  0	  0	  0	6.2	0
22/07/2024 16:00:00	0.961	0.041	   0	   0	   0	  0	  0	  0	  0	  0	  0	  0	  0	  0	  0	6.2	0
22/07/2024 16:15:00	0.985	0.028	   0	   0	   0	  0	  0	  0	  0	  0	  0	  0	  0	  0	  0	6.2	0
22/07/2024 16:30:00	0.994	0.029	   0	   0	   0	  0	  0	  0	  0	  0	  0	  0	  0	  0	  0	6.2	0
22/07/2024 16:45:00	1.018	0.048	   0	   0	   0	  0	  0	  0	  0	  0	  0	  0	  0	  0	  0	6.2	0
22/07/2024 17:00:00	1.042	0.031	   0	   0	   0	  0	  0	  0	  0	  0	  0	  0	  0	  0	  0	6.2	0
22/07/2024 17:15:00	1.061	0.015	   0	   0	   0	  0	  0	  0	  0	  0	  0	  0	  0	  0	  0	6.2	0
22/07/2024 17:30:00	1.093	0.021	   0	   0	   0	  0	  0	  0	  0	  0	  0	  0	  0	  0	  0	6.2	0
22/07/2024 17:45:00	1.112	0.031	   0	   0	   0	  0	  0	  0	  0	  0	  0	  0	  0	  0	  0	6.2	0
22/07/2024 18:00:00	1.147	0.032	   0	   0	   0	  0	  0	  0	  0	  0	  0	  0	  0	  0	  0	6.2	0
22/07/2024 18:15:00	1.174	0.023	   0	   0	   0	  0	  0	  0	  0	  0	  0	  0	  0	  0	  0	6.2	0
